mw
9
1.0 2.8758526 0.0 0.44825077 5.6418476 72.63996 34.085983 77.976364 79.72722 
2.8758526 1.0 89.56154 5.9387565 69.02027 24.391062 23.33188 10.141045 75.02287 
0.0 89.56154 1.0 14.838189 86.07498 78.292206 37.009293 81.345604 55.578033 
0.44825077 5.9387565 14.838189 1.0 49.79659 16.383177 0.0 25.547373 6.7335787 
5.6418476 69.02027 86.07498 49.79659 1.0 85.73898 0.0 54.87333 91.55245 
72.63996 24.391062 78.292206 16.383177 85.73898 1.0 0.0 76.687065 81.42198 
34.085983 23.33188 37.009293 0.0 0.0 0.0 1.0 55.50587 81.30693 
77.976364 10.141045 81.345604 25.547373 54.87333 76.687065 55.50587 1.0 74.78149 
79.72722 75.02287 55.578033 6.7335787 91.55245 81.42198 81.30693 74.78149 1.0 
