mw
9
1.0 74.05648 0.0 0.0 0.0 0.0 40.876812 21.602434 58.48074 
74.05648 1.0 0.0 67.75647 0.90729 13.083845 71.65649 3.8019001 0.0 
0.0 0.0 1.0 95.31622 0.0 17.824125 0.0 6.843156 0.0 
0.0 67.75647 95.31622 1.0 0.0 0.0 64.64692 0.0 0.0 
0.0 0.90729 0.0 0.0 1.0 52.293335 51.59896 0.0 42.19356 
0.0 13.083845 17.824125 0.0 52.293335 1.0 41.61642 0.0 0.0 
40.876812 71.65649 0.0 64.64692 51.59896 41.61642 1.0 0.0 35.31884 
21.602434 3.8019001 6.843156 0.0 0.0 0.0 0.0 1.0 3.8159072 
58.48074 0.0 0.0 0.0 42.19356 0.0 35.31884 3.8159072 1.0 
