mw
9
1.0 54.488205 90.82953 43.846027 0.0 0.0 93.70895 16.838842 0.0 
54.488205 1.0 70.96196 49.86478 83.56882 44.059956 55.97741 52.953484 0.0 
90.82953 70.96196 1.0 45.59997 29.150385 35.68626 0.0 0.0 37.861275 
43.846027 49.86478 45.59997 1.0 8.465213 22.242075 69.10881 0.0 34.78213 
0.0 83.56882 29.150385 8.465213 1.0 0.0 83.83358 30.66144 0.0 
0.0 44.059956 35.68626 22.242075 0.0 1.0 87.9796 44.71849 0.0 
93.70895 55.97741 0.0 69.10881 83.83358 87.9796 1.0 0.0 43.894638 
16.838842 52.953484 0.0 0.0 30.66144 44.71849 0.0 1.0 50.472767 
0.0 0.0 37.861275 34.78213 0.0 0.0 43.894638 50.472767 1.0 
