mw
9
1.0 36.030888 74.02421 54.294334 2.7269602 97.292725 94.91295 95.93756 0.0 
36.030888 1.0 0.0 0.0 26.441807 47.641964 97.43286 81.31091 0.0 
74.02421 0.0 1.0 97.65561 94.48439 17.749231 1.7330527 41.427197 10.617649 
54.294334 0.0 97.65561 1.0 0.0 31.533825 0.0 62.46549 39.945328 
2.7269602 26.441807 94.48439 0.0 1.0 23.44877 93.00357 7.667136 41.715675 
97.292725 47.641964 17.749231 31.533825 23.44877 1.0 10.255832 80.25085 94.60536 
94.91295 97.43286 1.7330527 0.0 93.00357 10.255832 1.0 24.191315 62.431503 
95.93756 81.31091 41.427197 62.46549 7.667136 80.25085 24.191315 1.0 52.50485 
0.0 0.0 10.617649 39.945328 41.715675 94.60536 62.431503 52.50485 1.0 
