mw
9
1.0 4.686517 68.86304 0.0 54.802616 2.1386325 99.030106 63.140274 39.835705 
4.686517 1.0 0.0 61.143257 59.740673 28.639048 93.07794 0.0 19.395996 
68.86304 0.0 1.0 0.0 68.067604 12.926311 0.0 0.0 98.23606 
0.0 61.143257 0.0 1.0 0.0 26.99656 56.310623 24.602587 54.99149 
54.802616 59.740673 68.067604 0.0 1.0 41.70594 41.784634 0.0 28.066803 
2.1386325 28.639048 12.926311 26.99656 41.70594 1.0 9.216142 76.72922 1.6958237 
99.030106 93.07794 0.0 56.310623 41.784634 9.216142 1.0 78.39638 12.4471245 
63.140274 0.0 0.0 24.602587 0.0 76.72922 78.39638 1.0 4.058462 
39.835705 19.395996 98.23606 54.99149 28.066803 1.6958237 12.4471245 4.058462 1.0 
