mw
9
1.0 8.687746 90.86293 72.08377 0.0 20.438648 42.44444 28.497702 87.36775 
8.687746 1.0 32.172905 1.8550634 3.756547 62.60603 0.0 82.67639 54.59262 
90.86293 32.172905 1.0 68.34108 32.293583 19.798828 0.0 45.134884 0.8330822 
72.08377 1.8550634 68.34108 1.0 0.0 24.125063 43.305206 21.227587 0.0 
0.0 3.756547 32.293583 0.0 1.0 65.3766 89.3869 71.58955 15.167809 
20.438648 62.60603 19.798828 24.125063 65.3766 1.0 41.85971 22.083687 70.82344 
42.44444 0.0 0.0 43.305206 89.3869 41.85971 1.0 77.97909 25.77545 
28.497702 82.67639 45.134884 21.227587 71.58955 22.083687 77.97909 1.0 92.62206 
87.36775 54.59262 0.8330822 0.0 15.167809 70.82344 25.77545 92.62206 1.0 
