mw
9
1.0 45.9782 0.0 85.71754 50.77806 26.592869 64.26973 38.787663 0.0 
45.9782 1.0 97.02484 0.0 0.0 8.203405 23.057026 62.548584 17.555582 
0.0 97.02484 1.0 14.357251 0.0 20.40046 72.4112 69.194016 0.0 
85.71754 0.0 14.357251 1.0 18.594652 17.467392 22.71399 0.0 23.185598 
50.77806 0.0 0.0 18.594652 1.0 50.87061 79.407265 33.9852 61.127575 
26.592869 8.203405 20.40046 17.467392 50.87061 1.0 61.93589 0.0 1.0253966 
64.26973 23.057026 72.4112 22.71399 79.407265 61.93589 1.0 39.077103 44.29905 
38.787663 62.548584 69.194016 0.0 33.9852 0.0 39.077103 1.0 76.43622 
0.0 17.555582 0.0 23.185598 61.127575 1.0253966 44.29905 76.43622 1.0 
