mw
9
1.0 84.07322 49.604057 13.593918 74.39882 75.83303 56.47933 32.720028 15.458733 
84.07322 1.0 98.58187 47.82079 83.00217 37.703484 0.0 38.174404 8.797306 
49.604057 98.58187 1.0 0.0 25.835674 25.269455 52.812714 1.7605543 39.410557 
13.593918 47.82079 0.0 1.0 53.18857 31.320053 59.924515 74.06874 64.0122 
74.39882 83.00217 25.835674 53.18857 1.0 0.91686845 30.065464 0.0 2.8657079 
75.83303 37.703484 25.269455 31.320053 0.91686845 1.0 25.359661 42.189987 38.89424 
56.47933 0.0 52.812714 59.924515 30.065464 25.359661 1.0 79.49991 0.0 
32.720028 38.174404 1.7605543 74.06874 0.0 42.189987 79.49991 1.0 0.0 
15.458733 8.797306 39.410557 64.0122 2.8657079 38.89424 0.0 0.0 1.0 
