mw
9
1.0 0.0 7.590932 0.0 0.0 0.0 16.69135 40.6801 44.25067 
0.0 1.0 30.95882 14.434147 57.15402 68.91521 0.0 1.4185548 0.0 
7.590932 30.95882 1.0 7.613701 0.0 44.415634 18.685997 83.36731 56.014397 
0.0 14.434147 7.613701 1.0 96.60176 2.578169 63.096203 21.852976 58.57883 
0.0 57.15402 0.0 96.60176 1.0 0.0 2.2659063 0.0 0.0 
0.0 68.91521 44.415634 2.578169 0.0 1.0 98.79032 37.55595 49.966526 
16.69135 0.0 18.685997 63.096203 2.2659063 98.79032 1.0 48.369377 6.960392 
40.6801 1.4185548 83.36731 21.852976 0.0 37.55595 48.369377 1.0 0.0 
44.25067 0.0 56.014397 58.57883 0.0 49.966526 6.960392 0.0 1.0 
