mw
9
1.0 49.19107 71.846306 0.0 0.0 29.459017 31.952768 95.56204 55.315937 
49.19107 1.0 2.9699504 51.51294 2.9609323 5.4062724 62.440502 34.96614 52.053417 
71.846306 2.9699504 1.0 0.0 0.0 69.65426 15.970516 14.487529 0.0 
0.0 51.51294 0.0 1.0 30.646694 74.62733 90.094055 90.37712 65.409195 
0.0 2.9609323 0.0 30.646694 1.0 33.081127 40.503098 37.83369 70.0248 
29.459017 5.4062724 69.65426 74.62733 33.081127 1.0 47.568935 0.0 34.166813 
31.952768 62.440502 15.970516 90.094055 40.503098 47.568935 1.0 0.0 0.0 
95.56204 34.96614 14.487529 90.37712 37.83369 0.0 0.0 1.0 25.833147 
55.315937 52.053417 0.0 65.409195 70.0248 34.166813 0.0 25.833147 1.0 
