mw
9
1.0 61.602795 0.0 0.0 10.600633 89.29258 45.5438 91.785385 26.03194 
61.602795 1.0 9.291631 71.18519 74.3473 75.88581 47.388573 53.428944 33.900497 
0.0 9.291631 1.0 94.30234 82.35401 97.84584 53.300297 60.074978 0.0 
0.0 71.18519 94.30234 1.0 49.090733 4.0185156 0.0 92.66763 36.321346 
10.600633 74.3473 82.35401 49.090733 1.0 0.0 60.391098 61.439484 14.772934 
89.29258 75.88581 97.84584 4.0185156 0.0 1.0 77.66689 46.68899 90.66204 
45.5438 47.388573 53.300297 0.0 60.391098 77.66689 1.0 29.458124 78.11324 
91.785385 53.428944 60.074978 92.66763 61.439484 46.68899 29.458124 1.0 26.760983 
26.03194 33.900497 0.0 36.321346 14.772934 90.66204 78.11324 26.760983 1.0 
