mw
9
1.0 27.538359 17.123245 22.967571 78.039665 3.4927785 58.731945 60.274307 43.893814 
27.538359 1.0 0.0 94.13321 0.0 45.12008 57.092453 54.772903 26.877653 
17.123245 0.0 1.0 93.36823 64.84598 0.0 70.78909 5.7311654 66.65789 
22.967571 94.13321 93.36823 1.0 53.16821 0.0 15.164757 15.187484 28.400677 
78.039665 0.0 64.84598 53.16821 1.0 91.174126 22.567785 83.38823 66.37403 
3.4927785 45.12008 0.0 0.0 91.174126 1.0 85.98915 20.654213 64.0629 
58.731945 57.092453 70.78909 15.164757 22.567785 85.98915 1.0 0.43455958 90.468254 
60.274307 54.772903 5.7311654 15.187484 83.38823 20.654213 0.43455958 1.0 40.824295 
43.893814 26.877653 66.65789 28.400677 66.37403 64.0629 90.468254 40.824295 1.0 
