mw
9
1.0 0.0 27.694792 64.800705 43.145824 98.28252 0.0 0.0 8.680857 
0.0 1.0 34.205944 42.510433 46.740658 0.0 6.3346567 83.710335 5.484438 
27.694792 34.205944 1.0 98.9175 70.686905 40.70854 17.651726 20.793682 0.0 
64.800705 42.510433 98.9175 1.0 56.350506 6.818825 0.0 66.70894 62.894123 
43.145824 46.740658 70.686905 56.350506 1.0 0.0 0.0 0.0 77.29141 
98.28252 0.0 40.70854 6.818825 0.0 1.0 21.406794 0.0 49.700302 
0.0 6.3346567 17.651726 0.0 0.0 21.406794 1.0 0.0 94.7682 
0.0 83.710335 20.793682 66.70894 0.0 0.0 0.0 1.0 12.243986 
8.680857 5.484438 0.0 62.894123 77.29141 49.700302 94.7682 12.243986 1.0 
