mw
9
1.0 50.98292 79.99529 83.93214 74.74552 25.775856 53.296196 32.304203 95.80104 
50.98292 1.0 52.956234 35.59997 40.63161 7.8332605 69.94263 51.162 0.0 
79.99529 52.956234 1.0 5.4765882 0.0 0.0 6.84424 0.0 64.87911 
83.93214 35.59997 5.4765882 1.0 97.629105 7.011378 36.162354 2.3842752 1.6999364 
74.74552 40.63161 0.0 97.629105 1.0 98.7107 0.0 35.24527 67.80342 
25.775856 7.8332605 0.0 7.011378 98.7107 1.0 26.397276 15.407949 61.85261 
53.296196 69.94263 6.84424 36.162354 0.0 26.397276 1.0 93.73839 92.513725 
32.304203 51.162 0.0 2.3842752 35.24527 15.407949 93.73839 1.0 0.0 
95.80104 0.0 64.87911 1.6999364 67.80342 61.85261 92.513725 0.0 1.0 
