mw
9
1.0 96.65516 76.61994 54.162067 0.0 88.04753 0.0 0.0 23.570055 
96.65516 1.0 12.735701 26.693504 97.07015 73.54235 84.99161 0.0 38.04089 
76.61994 12.735701 1.0 94.43018 78.64674 5.0291777 99.64151 86.90031 51.957302 
54.162067 26.693504 94.43018 1.0 27.46166 74.56691 95.51075 37.873577 63.08059 
0.0 97.07015 78.64674 27.46166 1.0 39.082664 18.316757 3.0478776 77.5827 
88.04753 73.54235 5.0291777 74.56691 39.082664 1.0 10.658294 53.056824 47.169567 
0.0 84.99161 99.64151 95.51075 18.316757 10.658294 1.0 80.97745 0.0 
0.0 0.0 86.90031 37.873577 3.0478776 53.056824 80.97745 1.0 28.079027 
23.570055 38.04089 51.957302 63.08059 77.5827 47.169567 0.0 28.079027 1.0 
