mw
9
1.0 42.488377 0.0 77.299324 22.482712 18.109434 95.62444 69.68624 0.0 
42.488377 1.0 0.0 49.82257 58.20283 0.0 70.21526 62.858116 0.0 
0.0 0.0 1.0 0.0 50.54419 0.0 37.02821 12.2446 9.658564 
77.299324 49.82257 0.0 1.0 56.41652 25.210035 80.64453 82.05587 77.64552 
22.482712 58.20283 50.54419 56.41652 1.0 61.513054 40.07992 0.0 0.0 
18.109434 0.0 0.0 25.210035 61.513054 1.0 0.0 0.0 0.0 
95.62444 70.21526 37.02821 80.64453 40.07992 0.0 1.0 86.15332 97.605934 
69.68624 62.858116 12.2446 82.05587 0.0 0.0 86.15332 1.0 35.316406 
0.0 0.0 9.658564 77.64552 0.0 0.0 97.605934 35.316406 1.0 
