mw
9
1.0 81.09331 0.0 86.31367 3.5991073 5.2500367 83.43882 32.164722 63.82247 
81.09331 1.0 19.21193 0.0 21.019882 0.0 16.904533 27.590979 60.442055 
0.0 19.21193 1.0 92.48479 67.54136 0.0 17.704552 0.0 67.07269 
86.31367 0.0 92.48479 1.0 6.077945 5.614841 82.1028 67.19276 0.0 
3.5991073 21.019882 67.54136 6.077945 1.0 79.87757 0.0 65.45371 75.97723 
5.2500367 0.0 0.0 5.614841 79.87757 1.0 55.291946 31.099659 53.657238 
83.43882 16.904533 17.704552 82.1028 0.0 55.291946 1.0 44.28963 47.98546 
32.164722 27.590979 0.0 67.19276 65.45371 31.099659 44.28963 1.0 49.680798 
63.82247 60.442055 67.07269 0.0 75.97723 53.657238 47.98546 49.680798 1.0 
