mw
9
1.0 40.355278 98.00576 11.826944 74.77217 7.5836062 0.0 0.0 64.050064 
40.355278 1.0 85.190025 93.98723 64.421974 0.0 70.31668 76.690544 47.703518 
98.00576 85.190025 1.0 57.79081 84.49921 75.57262 69.64972 2.0172954 0.0 
11.826944 93.98723 57.79081 1.0 7.0185604 0.0 62.63271 72.17987 6.5070925 
74.77217 64.421974 84.49921 7.0185604 1.0 55.06956 0.0 86.94465 47.253788 
7.5836062 0.0 75.57262 0.0 55.06956 1.0 0.0 10.429949 75.021286 
0.0 70.31668 69.64972 62.63271 0.0 0.0 1.0 77.93948 83.00753 
0.0 76.690544 2.0172954 72.17987 86.94465 10.429949 77.93948 1.0 91.5879 
64.050064 47.703518 0.0 6.5070925 47.253788 75.021286 83.00753 91.5879 1.0 
