mw
9
1.0 78.15075 89.08509 23.637325 0.0 3.0257463 62.249596 0.0 44.264877 
78.15075 1.0 77.68352 0.0 43.98307 90.7882 91.12648 0.0 0.0 
89.08509 77.68352 1.0 93.5097 88.84717 0.0 0.0 0.0 0.0 
23.637325 0.0 93.5097 1.0 74.06533 0.0 0.0 0.0 48.36869 
0.0 43.98307 88.84717 74.06533 1.0 45.950462 0.051158667 0.0 30.916018 
3.0257463 90.7882 0.0 0.0 45.950462 1.0 0.0 67.90342 64.321754 
62.249596 91.12648 0.0 0.0 0.051158667 0.0 1.0 0.0 0.0 
0.0 0.0 0.0 0.0 0.0 67.90342 0.0 1.0 0.0 
44.264877 0.0 0.0 48.36869 30.916018 64.321754 0.0 0.0 1.0 
