mw
8
1.0 31.883026 99.46163 61.54368 0.0 0.0 0.0 57.921555 
31.883026 1.0 46.095318 0.0 15.84003 70.69277 0.0 0.0 
99.46163 46.095318 1.0 13.469333 63.810593 0.0 52.466877 28.069283 
61.54368 0.0 13.469333 1.0 37.742527 16.084724 11.084056 68.6079 
0.0 15.84003 63.810593 37.742527 1.0 0.0 0.0 0.0 
0.0 70.69277 0.0 16.084724 0.0 1.0 63.71374 99.60185 
0.0 0.0 52.466877 11.084056 0.0 63.71374 1.0 82.44147 
57.921555 0.0 28.069283 68.6079 0.0 99.60185 82.44147 1.0 
