mw
8
1.0 2.2278488 90.18978 0.0 26.46228 93.20541 11.530531 89.78619 
2.2278488 1.0 57.625885 46.254635 34.472954 21.384079 44.975327 15.245014 
90.18978 57.625885 1.0 76.888885 29.252481 0.0 31.974846 51.247086 
0.0 46.254635 76.888885 1.0 55.72211 54.886253 68.99888 22.681505 
26.46228 34.472954 29.252481 55.72211 1.0 64.61131 82.23651 0.0 
93.20541 21.384079 0.0 54.886253 64.61131 1.0 83.155556 81.39913 
11.530531 44.975327 31.974846 68.99888 82.23651 83.155556 1.0 66.31754 
89.78619 15.245014 51.247086 22.681505 0.0 81.39913 66.31754 1.0 
