mw
8
1.0 33.23918 65.54788 50.54748 32.918964 95.75641 7.8508377 0.0 
33.23918 1.0 30.708944 38.260468 0.0 58.793808 98.89525 21.631676 
65.54788 30.708944 1.0 40.367943 68.95965 0.0 70.41037 88.84117 
50.54748 38.260468 40.367943 1.0 42.12237 16.15411 83.20778 1.7434418 
32.918964 0.0 68.95965 42.12237 1.0 35.39785 34.632313 25.923115 
95.75641 58.793808 0.0 16.15411 35.39785 1.0 2.1883607 98.602264 
7.8508377 98.89525 70.41037 83.20778 34.632313 2.1883607 1.0 90.92641 
0.0 21.631676 88.84117 1.7434418 25.923115 98.602264 90.92641 1.0 
