mw
8
1.0 46.01171 68.80026 99.70405 77.362045 54.94429 0.0 60.636036 
46.01171 1.0 0.0 60.357826 39.54171 97.86692 45.18349 50.18273 
68.80026 0.0 1.0 50.12898 35.443592 0.0 92.32979 39.845512 
99.70405 60.357826 50.12898 1.0 84.00591 0.0 9.403503 25.679272 
77.362045 39.54171 35.443592 84.00591 1.0 95.51867 54.242672 61.782944 
54.94429 97.86692 0.0 0.0 95.51867 1.0 92.42274 32.813965 
0.0 45.18349 92.32979 9.403503 54.242672 92.42274 1.0 0.0 
60.636036 50.18273 39.845512 25.679272 61.782944 32.813965 0.0 1.0 
