mw
8
1.0 24.242943 90.44094 30.416292 38.1504 0.0 16.507572 68.34564 
24.242943 1.0 7.307899 0.0 17.249834 0.0 0.10367036 2.102226 
90.44094 7.307899 1.0 52.874393 30.985064 83.3906 37.782936 0.0 
30.416292 0.0 52.874393 1.0 2.16735 0.0 0.0 84.50689 
38.1504 17.249834 30.985064 2.16735 1.0 0.0 46.233177 94.866875 
0.0 0.0 83.3906 0.0 0.0 1.0 99.0377 78.04389 
16.507572 0.10367036 37.782936 0.0 46.233177 99.0377 1.0 67.80928 
68.34564 2.102226 0.0 84.50689 94.866875 78.04389 67.80928 1.0 
