mw
8
1.0 0.0 38.5454 17.382902 64.465836 71.76904 28.424538 3.973329 
0.0 1.0 48.64791 88.62954 80.986244 21.960133 72.93458 41.125153 
38.5454 48.64791 1.0 68.03843 28.462309 29.694778 63.78101 63.283848 
17.382902 88.62954 68.03843 1.0 37.193184 0.0 21.838224 66.870186 
64.465836 80.986244 28.462309 37.193184 1.0 60.24316 81.26537 18.049372 
71.76904 21.960133 29.694778 0.0 60.24316 1.0 29.793585 0.0 
28.424538 72.93458 63.78101 21.838224 81.26537 29.793585 1.0 84.383896 
3.973329 41.125153 63.283848 66.870186 18.049372 0.0 84.383896 1.0 
