mw
8
1.0 14.947355 63.012005 25.690884 0.0 58.442158 73.054596 63.15915 
14.947355 1.0 2.720517 7.3850574 97.7404 69.66919 57.708214 0.0 
63.012005 2.720517 1.0 86.63159 8.898724 0.7487714 71.002075 40.001072 
25.690884 7.3850574 86.63159 1.0 0.9991884 2.1629095 0.0 85.287415 
0.0 97.7404 8.898724 0.9991884 1.0 63.170296 81.64342 33.950607 
58.442158 69.66919 0.7487714 2.1629095 63.170296 1.0 3.3662617 77.43917 
73.054596 57.708214 71.002075 0.0 81.64342 3.3662617 1.0 0.0 
63.15915 0.0 40.001072 85.287415 33.950607 77.43917 0.0 1.0 
