mw
8
1.0 12.392103 57.328297 2.298522 26.467741 0.0 0.0 3.9422095 
12.392103 1.0 22.182072 0.0 74.057976 31.376612 87.137985 54.51003 
57.328297 22.182072 1.0 90.45386 60.61481 0.3715217 0.0 31.912989 
2.298522 0.0 90.45386 1.0 34.794575 63.599754 75.25808 51.329075 
26.467741 74.057976 60.61481 34.794575 1.0 0.51977634 57.608624 0.0 
0.0 31.376612 0.3715217 63.599754 0.51977634 1.0 3.238231 0.0 
0.0 87.137985 0.0 75.25808 57.608624 3.238231 1.0 93.05404 
3.9422095 54.51003 31.912989 51.329075 0.0 0.0 93.05404 1.0 
