mw
8
1.0 0.0 25.297916 44.33033 79.66902 73.18589 72.81565 46.533627 
0.0 1.0 69.19965 69.47608 70.29053 6.3428698 63.130695 88.90393 
25.297916 69.19965 1.0 1.4034331 0.0 18.385292 74.44997 57.11548 
44.33033 69.47608 1.4034331 1.0 42.162502 56.569016 3.6052823 35.936504 
79.66902 70.29053 0.0 42.162502 1.0 29.4217 39.81946 47.22764 
73.18589 6.3428698 18.385292 56.569016 29.4217 1.0 87.93456 47.007404 
72.81565 63.130695 74.44997 3.6052823 39.81946 87.93456 1.0 28.535044 
46.533627 88.90393 57.11548 35.936504 47.22764 47.007404 28.535044 1.0 
