mw
8
1.0 71.920654 0.0 25.394022 22.7863 86.2527 47.72823 72.11653 
71.920654 1.0 70.33199 90.422844 82.555756 0.0 99.25729 35.743053 
0.0 70.33199 1.0 2.2779703 0.0 83.49226 54.77424 0.0 
25.394022 90.422844 2.2779703 1.0 0.0 0.0 77.21951 34.521984 
22.7863 82.555756 0.0 0.0 1.0 26.766895 9.424758 0.0 
86.2527 0.0 83.49226 0.0 26.766895 1.0 27.930075 32.425797 
47.72823 99.25729 54.77424 77.21951 9.424758 27.930075 1.0 27.267302 
72.11653 35.743053 0.0 34.521984 0.0 32.425797 27.267302 1.0 
