mw
8
1.0 58.466362 30.293024 96.36635 87.67119 69.25406 37.15583 13.937485 
58.466362 1.0 0.0 0.0 63.714893 33.506195 15.853423 10.05742 
30.293024 0.0 1.0 0.0 80.75902 57.069492 0.0 0.0 
96.36635 0.0 0.0 1.0 82.9118 22.685688 0.0 97.86013 
87.67119 63.714893 80.75902 82.9118 1.0 5.805355 0.0 49.86411 
69.25406 33.506195 57.069492 22.685688 5.805355 1.0 66.68781 26.174133 
37.15583 15.853423 0.0 0.0 0.0 66.68781 1.0 6.721854 
13.937485 10.05742 0.0 97.86013 49.86411 26.174133 6.721854 1.0 
