mw
8
1.0 59.244545 49.578064 97.28131 91.100334 32.35854 23.519266 1.2481511 
59.244545 1.0 0.0 90.0639 93.80617 74.35734 0.0 86.005486 
49.578064 0.0 1.0 29.654682 19.248486 0.0 0.0 49.745667 
97.28131 90.0639 29.654682 1.0 0.0 58.26345 73.41965 94.54576 
91.100334 93.80617 19.248486 0.0 1.0 0.0 63.968365 47.324448 
32.35854 74.35734 0.0 58.26345 0.0 1.0 0.0 31.071323 
23.519266 0.0 0.0 73.41965 63.968365 0.0 1.0 74.90309 
1.2481511 86.005486 49.745667 94.54576 47.324448 31.071323 74.90309 1.0 
