mw
8
1.0 29.714685 33.684994 47.859783 66.04257 0.0 29.726051 59.344215 
29.714685 1.0 88.83908 0.0 97.91702 18.882793 0.0 11.900836 
33.684994 88.83908 1.0 63.800835 78.211685 11.742431 93.11576 86.79329 
47.859783 0.0 63.800835 1.0 91.07746 79.054085 62.941044 63.155716 
66.04257 97.91702 78.211685 91.07746 1.0 14.281553 37.137634 0.0 
0.0 18.882793 11.742431 79.054085 14.281553 1.0 37.86762 0.0 
29.726051 0.0 93.11576 62.941044 37.137634 37.86762 1.0 26.340216 
59.344215 11.900836 86.79329 63.155716 0.0 0.0 26.340216 1.0 
