mw
8
1.0 2.7761161 0.6324649 0.0 0.0 17.614674 64.65813 40.338306 
2.7761161 1.0 0.0 0.0 0.018507242 62.717182 0.0 0.0 
0.6324649 0.0 1.0 0.0 30.564678 74.600044 0.0 33.773094 
0.0 0.0 0.0 1.0 99.84346 0.0 18.848837 11.258346 
0.0 0.018507242 30.564678 99.84346 1.0 9.342903 0.0 97.53807 
17.614674 62.717182 74.600044 0.0 9.342903 1.0 66.08958 86.07763 
64.65813 0.0 0.0 18.848837 0.0 66.08958 1.0 61.6015 
40.338306 0.0 33.773094 11.258346 97.53807 86.07763 61.6015 1.0 
