mw
8
1.0 0.0 47.2682 41.31248 5.8065357 0.0 57.138557 54.17116 
0.0 1.0 3.1124473 51.20892 89.8578 63.87059 32.89599 80.10582 
47.2682 3.1124473 1.0 96.52749 45.883648 84.565636 72.7318 58.059685 
41.31248 51.20892 96.52749 1.0 56.216293 68.52249 48.650707 22.403288 
5.8065357 89.8578 45.883648 56.216293 1.0 84.25015 0.0 66.26152 
0.0 63.87059 84.565636 68.52249 84.25015 1.0 55.759884 99.961464 
57.138557 32.89599 72.7318 48.650707 0.0 55.759884 1.0 58.85116 
54.17116 80.10582 58.059685 22.403288 66.26152 99.961464 58.85116 1.0 
