mw
8
1.0 5.575454 33.24083 0.0 72.639534 34.14313 0.0 59.42083 
5.575454 1.0 25.014317 81.017914 1.1326551 0.0 98.753815 75.20788 
33.24083 25.014317 1.0 0.0 63.88293 98.24203 17.87312 82.540665 
0.0 81.017914 0.0 1.0 45.058548 28.42592 57.946003 35.701008 
72.639534 1.1326551 63.88293 45.058548 1.0 17.552465 51.03662 8.879232 
34.14313 0.0 98.24203 28.42592 17.552465 1.0 0.0 18.233246 
0.0 98.753815 17.87312 57.946003 51.03662 0.0 1.0 0.82567334 
59.42083 75.20788 82.540665 35.701008 8.879232 18.233246 0.82567334 1.0 
