mw
8
1.0 40.48333 30.11356 45.44575 0.0 43.83991 0.0 7.744688 
40.48333 1.0 0.0 25.030678 82.84578 71.21607 0.0 33.63813 
30.11356 0.0 1.0 1.292026 25.644625 31.349468 12.897688 9.401428 
45.44575 25.030678 1.292026 1.0 28.678799 25.746601 58.83828 31.055504 
0.0 82.84578 25.644625 28.678799 1.0 85.01733 69.027435 0.0 
43.83991 71.21607 31.349468 25.746601 85.01733 1.0 56.914433 97.39948 
0.0 0.0 12.897688 58.83828 69.027435 56.914433 1.0 90.00347 
7.744688 33.63813 9.401428 31.055504 0.0 97.39948 90.00347 1.0 
