mw
8
1.0 87.91691 91.72504 10.302246 0.0 0.0 57.28215 64.822296 
87.91691 1.0 89.27481 63.152916 92.52447 0.0 49.97722 0.0 
91.72504 89.27481 1.0 8.249134 31.832165 76.39448 26.230383 36.228485 
10.302246 63.152916 8.249134 1.0 0.0 0.0 27.188742 0.0 
0.0 92.52447 31.832165 0.0 1.0 72.059975 0.0 64.19881 
0.0 0.0 76.39448 0.0 72.059975 1.0 0.0 0.0 
57.28215 49.97722 26.230383 27.188742 0.0 0.0 1.0 0.0 
64.822296 0.0 36.228485 0.0 64.19881 0.0 0.0 1.0 
