mw
8
1.0 45.805855 0.0 30.41302 28.37845 31.33154 94.40377 48.36374 
45.805855 1.0 21.523064 51.850605 0.0 27.444149 5.260271 27.036339 
0.0 21.523064 1.0 99.5513 43.376984 33.872814 30.029076 12.865496 
30.41302 51.850605 99.5513 1.0 61.447952 79.96918 57.177944 26.32504 
28.37845 0.0 43.376984 61.447952 1.0 10.8128605 42.210697 0.0 
31.33154 27.444149 33.872814 79.96918 10.8128605 1.0 77.37053 94.23855 
94.40377 5.260271 30.029076 57.177944 42.210697 77.37053 1.0 64.83234 
48.36374 27.036339 12.865496 26.32504 0.0 94.23855 64.83234 1.0 
