mw
8
1.0 19.669903 33.97847 13.733464 4.4823527 0.4076481 0.0 64.653656 
19.669903 1.0 0.0 52.311813 28.805971 67.64885 13.193631 84.53123 
33.97847 0.0 1.0 32.60836 28.092253 17.178577 69.22906 0.0 
13.733464 52.311813 32.60836 1.0 45.144295 82.0826 24.731028 0.0 
4.4823527 28.805971 28.092253 45.144295 1.0 35.946648 52.564472 0.6001651 
0.4076481 67.64885 17.178577 82.0826 35.946648 1.0 20.206356 91.81152 
0.0 13.193631 69.22906 24.731028 52.564472 20.206356 1.0 28.125715 
64.653656 84.53123 0.0 0.0 0.6001651 91.81152 28.125715 1.0 
