mw
6
1.0 0.0 31.977547 0.0 57.30043 0.33406615 
0.0 1.0 99.40564 22.290766 51.159214 2.9107451 
31.977547 99.40564 1.0 27.84124 28.294724 30.847162 
0.0 22.290766 27.84124 1.0 67.658066 2.379012 
57.30043 51.159214 28.294724 67.658066 1.0 61.95598 
0.33406615 2.9107451 30.847162 2.379012 61.95598 1.0 
