mw
6
1.0 20.80937 68.14041 32.009148 58.37609 0.0 
20.80937 1.0 17.642487 55.552475 86.823006 0.0 
68.14041 17.642487 1.0 1.6955495 78.95748 0.0 
32.009148 55.552475 1.6955495 1.0 30.694813 38.45785 
58.37609 86.823006 78.95748 30.694813 1.0 71.578285 
0.0 0.0 0.0 38.45785 71.578285 1.0 
