mw
6
1.0 21.72345 53.509064 71.577934 89.917274 89.35506 
21.72345 1.0 49.20932 84.36734 74.188576 65.87269 
53.509064 49.20932 1.0 44.107323 90.441315 11.359096 
71.577934 84.36734 44.107323 1.0 36.527573 0.0 
89.917274 74.188576 90.441315 36.527573 1.0 88.94207 
89.35506 65.87269 11.359096 0.0 88.94207 1.0 
