mw
10
1.0 0.0 81.51606 0.0 16.592867 56.040764 0.0 49.560513 0.0 60.13245 
0.0 1.0 86.10691 64.01504 0.0 0.0 0.0 6.1432657 0.0 20.3426 
81.51606 86.10691 1.0 0.0 0.0 0.0 0.48401356 74.13211 1.7113149 0.0 
0.0 64.01504 0.0 1.0 35.980858 0.0 0.0 0.0 0.0 75.35281 
16.592867 0.0 0.0 35.980858 1.0 3.394556 6.2196074 1.1855423 0.0 0.0 
56.040764 0.0 0.0 0.0 3.394556 1.0 0.0 45.25368 4.376334 0.0 
0.0 0.0 0.48401356 0.0 6.2196074 0.0 1.0 0.0 0.0 0.0 
49.560513 6.1432657 74.13211 0.0 1.1855423 45.25368 0.0 1.0 74.401405 0.0 
0.0 0.0 1.7113149 0.0 0.0 4.376334 0.0 74.401405 1.0 0.0 
60.13245 20.3426 0.0 75.35281 0.0 0.0 0.0 0.0 0.0 1.0 
