mw
10
1.0 14.872914 53.372566 16.229546 2.359414 60.769386 35.002285 87.10812 20.950169 13.120198 
14.872914 1.0 0.0 70.44825 4.164362 84.93858 52.01733 0.0 0.0 84.71689 
53.372566 0.0 1.0 96.55909 41.272472 40.400894 66.70472 74.46187 28.248674 17.392094 
16.229546 70.44825 96.55909 1.0 0.0 24.05873 4.8587503 33.93566 5.076349 10.539323 
2.359414 4.164362 41.272472 0.0 1.0 62.055004 96.53104 43.20717 2.7862608 0.0 
60.769386 84.93858 40.400894 24.05873 62.055004 1.0 97.22113 79.34215 36.218052 46.141922 
35.002285 52.01733 66.70472 4.8587503 96.53104 97.22113 1.0 0.0 68.58176 10.399139 
87.10812 0.0 74.46187 33.93566 43.20717 79.34215 0.0 1.0 14.637476 30.202675 
20.950169 0.0 28.248674 5.076349 2.7862608 36.218052 68.58176 14.637476 1.0 16.010935 
13.120198 84.71689 17.392094 10.539323 0.0 46.141922 10.399139 30.202675 16.010935 1.0 
