mw
10
1.0 55.599094 64.14361 0.0 44.65689 0.0 26.328928 85.27297 89.24848 11.833488 
55.599094 1.0 65.093 44.61828 77.21132 95.83115 99.26841 45.723255 55.09474 3.4425795 
64.14361 65.093 1.0 24.610287 3.7658393 0.0 68.72996 57.29349 58.66236 52.73025 
0.0 44.61828 24.610287 1.0 0.0 94.24669 57.507473 0.0 34.700523 80.42029 
44.65689 77.21132 3.7658393 0.0 1.0 63.476902 89.170334 87.02201 76.449036 34.224926 
0.0 95.83115 0.0 94.24669 63.476902 1.0 20.27691 32.514328 0.0 66.66899 
26.328928 99.26841 68.72996 57.507473 89.170334 20.27691 1.0 0.0 0.0 0.0 
85.27297 45.723255 57.29349 0.0 87.02201 32.514328 0.0 1.0 32.516205 0.0 
89.24848 55.09474 58.66236 34.700523 76.449036 0.0 0.0 32.516205 1.0 0.0 
11.833488 3.4425795 52.73025 80.42029 34.224926 66.66899 0.0 0.0 0.0 1.0 
