mw
10
1.0 79.09534 41.880272 85.998245 0.0 19.905 0.0 0.0 96.29419 23.22995 
79.09534 1.0 2.6772678 0.0 0.0 6.6152215 76.83185 11.481094 60.75285 0.0 
41.880272 2.6772678 1.0 94.30519 54.20308 43.330147 74.53519 17.214066 34.737743 52.106647 
85.998245 0.0 94.30519 1.0 40.164207 0.0 79.7341 41.035915 74.8247 53.39731 
0.0 0.0 54.20308 40.164207 1.0 59.184223 0.0 0.0 92.058075 39.34433 
19.905 6.6152215 43.330147 0.0 59.184223 1.0 68.67137 83.68161 79.346275 24.559666 
0.0 76.83185 74.53519 79.7341 0.0 68.67137 1.0 39.19099 95.61453 12.135511 
0.0 11.481094 17.214066 41.035915 0.0 83.68161 39.19099 1.0 27.168428 13.270408 
96.29419 60.75285 34.737743 74.8247 92.058075 79.346275 95.61453 27.168428 1.0 4.5427322 
23.22995 0.0 52.106647 53.39731 39.34433 24.559666 12.135511 13.270408 4.5427322 1.0 
