mw
10
1.0 38.56221 81.1349 32.913208 71.69258 0.0 53.200977 86.798706 0.0 61.29997 
38.56221 1.0 57.614647 17.846012 9.096509 94.45786 85.98328 0.0 72.4839 6.8665743 
81.1349 57.614647 1.0 0.0 70.506516 58.373302 24.92907 64.99508 0.0 20.834286 
32.913208 17.846012 0.0 1.0 0.0 91.215836 58.08628 70.96698 20.24151 29.872614 
71.69258 9.096509 70.506516 0.0 1.0 8.488125 0.0 11.935484 27.75942 19.1091 
0.0 94.45786 58.373302 91.215836 8.488125 1.0 94.254616 59.038746 91.41919 70.82749 
53.200977 85.98328 24.92907 58.08628 0.0 94.254616 1.0 66.15256 36.79475 0.0 
86.798706 0.0 64.99508 70.96698 11.935484 59.038746 66.15256 1.0 1.7256975 0.0 
0.0 72.4839 0.0 20.24151 27.75942 91.41919 36.79475 1.7256975 1.0 0.0 
61.29997 6.8665743 20.834286 29.872614 19.1091 70.82749 0.0 0.0 0.0 1.0 
