mw
10
1.0 36.18805 0.0 10.308414 0.0 48.36692 57.667194 0.0 0.0 93.58904 
36.18805 1.0 77.22176 0.0 73.595184 0.0 0.0 55.986862 91.88158 75.991974 
0.0 77.22176 1.0 0.0 16.654646 0.0 84.226456 23.007769 0.0 85.6651 
10.308414 0.0 0.0 1.0 72.358665 0.0 0.0 0.0 70.67213 23.023737 
0.0 73.595184 16.654646 72.358665 1.0 99.272415 0.0 8.684074 0.0 26.899696 
48.36692 0.0 0.0 0.0 99.272415 1.0 69.84767 1.575011 55.557293 65.31479 
57.667194 0.0 84.226456 0.0 0.0 69.84767 1.0 65.76183 82.795715 0.0 
0.0 55.986862 23.007769 0.0 8.684074 1.575011 65.76183 1.0 33.024918 59.09709 
0.0 91.88158 0.0 70.67213 0.0 55.557293 82.795715 33.024918 1.0 75.49301 
93.58904 75.991974 85.6651 23.023737 26.899696 65.31479 0.0 59.09709 75.49301 1.0 
