mw
10
1.0 30.429667 5.884713 0.0 72.39644 0.0 81.41077 0.0 0.0 85.694984 
30.429667 1.0 43.386234 61.28557 59.017044 80.65463 0.0 0.0 0.0 35.76479 
5.884713 43.386234 1.0 0.0 0.0 0.0 47.80534 0.0 0.0 53.098583 
0.0 61.28557 0.0 1.0 2.6943564 0.0 0.0 88.13034 89.497925 54.42862 
72.39644 59.017044 0.0 2.6943564 1.0 52.93716 0.0 51.585545 90.79387 0.0 
0.0 80.65463 0.0 0.0 52.93716 1.0 98.07213 0.0 60.989277 50.518745 
81.41077 0.0 47.80534 0.0 0.0 98.07213 1.0 0.0 82.98999 28.30845 
0.0 0.0 0.0 88.13034 51.585545 0.0 0.0 1.0 55.710377 39.083946 
0.0 0.0 0.0 89.497925 90.79387 60.989277 82.98999 55.710377 1.0 21.904839 
85.694984 35.76479 53.098583 54.42862 0.0 50.518745 28.30845 39.083946 21.904839 1.0 
