mw
10
1.0 73.4162 61.13912 23.570324 86.66531 0.0 65.02515 36.7069 0.0 89.081696 
73.4162 1.0 0.0 62.843006 0.0 79.35924 10.909563 0.0 1.151371 0.0 
61.13912 0.0 1.0 0.0 20.969683 35.934853 14.496767 66.15632 69.85922 0.0 
23.570324 62.843006 0.0 1.0 78.83951 31.18888 0.0 75.97393 0.0 58.080894 
86.66531 0.0 20.969683 78.83951 1.0 42.808487 74.144714 19.13662 98.262115 5.2120566 
0.0 79.35924 35.934853 31.18888 42.808487 1.0 66.71253 43.686146 38.92695 53.176838 
65.02515 10.909563 14.496767 0.0 74.144714 66.71253 1.0 93.40841 43.822716 46.17832 
36.7069 0.0 66.15632 75.97393 19.13662 43.686146 93.40841 1.0 10.828084 37.31482 
0.0 1.151371 69.85922 0.0 98.262115 38.92695 43.822716 10.828084 1.0 90.17951 
89.081696 0.0 0.0 58.080894 5.2120566 53.176838 46.17832 37.31482 90.17951 1.0 
