mw
10
1.0 31.022549 0.0 10.872162 0.0 71.66702 0.0 91.936714 30.48216 0.0 
31.022549 1.0 18.020689 51.604034 43.09968 50.763935 21.40085 18.761026 0.0 0.0 
0.0 18.020689 1.0 0.0 42.884136 0.0 76.213844 3.305912 67.432945 0.0 
10.872162 51.604034 0.0 1.0 0.0 52.88706 45.76559 58.65163 33.44647 77.598236 
0.0 43.09968 42.884136 0.0 1.0 0.76844096 79.004196 12.090426 70.35912 43.61617 
71.66702 50.763935 0.0 52.88706 0.76844096 1.0 0.7255912 96.27514 56.162254 14.6644 
0.0 21.40085 76.213844 45.76559 79.004196 0.7255912 1.0 41.88354 68.110825 0.0 
91.936714 18.761026 3.305912 58.65163 12.090426 96.27514 41.88354 1.0 29.271961 0.0 
30.48216 0.0 67.432945 33.44647 70.35912 56.162254 68.110825 29.271961 1.0 0.77347755 
0.0 0.0 0.0 77.598236 43.61617 14.6644 0.0 0.0 0.77347755 1.0 
