mw
10
1.0 22.789938 65.38856 0.0 14.994192 54.170902 95.51598 87.32918 96.9883 18.364698 
22.789938 1.0 40.360153 62.91915 98.456764 19.994217 72.81754 0.0 59.759285 56.971275 
65.38856 40.360153 1.0 77.88165 0.29087067 0.0 21.04252 6.7325234 1.404798 0.0 
0.0 62.91915 77.88165 1.0 36.719322 16.408848 63.919647 78.69239 42.29697 86.566956 
14.994192 98.456764 0.29087067 36.719322 1.0 98.342995 0.0 69.20993 27.371758 66.829765 
54.170902 19.994217 0.0 16.408848 98.342995 1.0 0.0 94.113495 3.38884 77.99066 
95.51598 72.81754 21.04252 63.919647 0.0 0.0 1.0 4.665482 19.520903 86.52789 
87.32918 0.0 6.7325234 78.69239 69.20993 94.113495 4.665482 1.0 71.23345 27.944166 
96.9883 59.759285 1.404798 42.29697 27.371758 3.38884 19.520903 71.23345 1.0 39.447086 
18.364698 56.971275 0.0 86.566956 66.829765 77.99066 86.52789 27.944166 39.447086 1.0 
