mw
10
1.0 0.0 63.42929 17.904139 50.22735 64.949326 85.33991 79.91129 0.21303892 0.0 
0.0 1.0 53.53533 85.66477 55.701817 0.0 69.34696 70.63738 0.0 85.7043 
63.42929 53.53533 1.0 59.68138 0.0 88.39611 8.764249 37.437153 77.08376 80.03435 
17.904139 85.66477 59.68138 1.0 30.329222 60.47465 31.88029 97.67858 6.86819 50.750935 
50.22735 55.701817 0.0 30.329222 1.0 26.949001 98.94826 37.367702 23.41407 67.14179 
64.949326 0.0 88.39611 60.47465 26.949001 1.0 49.498016 17.205256 50.234108 9.380447 
85.33991 69.34696 8.764249 31.88029 98.94826 49.498016 1.0 0.0 96.498375 81.641235 
79.91129 70.63738 37.437153 97.67858 37.367702 17.205256 0.0 1.0 21.397776 48.332767 
0.21303892 0.0 77.08376 6.86819 23.41407 50.234108 96.498375 21.397776 1.0 57.464897 
0.0 85.7043 80.03435 50.750935 67.14179 9.380447 81.641235 48.332767 57.464897 1.0 
