mw
10
1.0 0.0 97.602196 26.020872 0.0 0.0 0.0 76.96745 51.757805 0.0 
0.0 1.0 81.10283 29.818594 0.0 0.0 7.120925 28.64852 0.0 0.0 
97.602196 81.10283 1.0 24.341805 75.746 23.40685 59.790962 86.20216 0.0 57.94617 
26.020872 29.818594 24.341805 1.0 84.26442 0.0 0.0 0.0 0.0 29.237038 
0.0 0.0 75.746 84.26442 1.0 0.0 22.002148 0.0 25.526745 66.962944 
0.0 0.0 23.40685 0.0 0.0 1.0 0.0 0.0 0.0 64.07172 
0.0 7.120925 59.790962 0.0 22.002148 0.0 1.0 12.328917 85.67348 0.0 
76.96745 28.64852 86.20216 0.0 0.0 0.0 12.328917 1.0 43.193764 84.97475 
51.757805 0.0 0.0 0.0 25.526745 0.0 85.67348 43.193764 1.0 87.15996 
0.0 0.0 57.94617 29.237038 66.962944 64.07172 0.0 84.97475 87.15996 1.0 
