mw
10
1.0 63.458042 87.13712 94.25852 94.41032 47.55311 5.734098 54.6216 0.0 0.0 
63.458042 1.0 61.11804 83.869225 0.0 83.97206 55.899418 64.25412 83.90212 74.98465 
87.13712 61.11804 1.0 96.02188 64.65698 11.292368 0.0 57.985516 8.834034 36.26651 
94.25852 83.869225 96.02188 1.0 32.568115 21.740448 0.0 35.882473 43.635113 32.222294 
94.41032 0.0 64.65698 32.568115 1.0 49.197777 75.66643 31.992441 18.988346 10.357273 
47.55311 83.97206 11.292368 21.740448 49.197777 1.0 71.68159 0.0 38.435406 5.7359457 
5.734098 55.899418 0.0 0.0 75.66643 71.68159 1.0 66.859856 37.653053 94.91664 
54.6216 64.25412 57.985516 35.882473 31.992441 0.0 66.859856 1.0 0.0 18.239916 
0.0 83.90212 8.834034 43.635113 18.988346 38.435406 37.653053 0.0 1.0 48.090668 
0.0 74.98465 36.26651 32.222294 10.357273 5.7359457 94.91664 18.239916 48.090668 1.0 
