mw
10
1.0 31.581402 30.431128 90.44239 26.22943 76.31364 36.77989 61.021072 27.252834 74.678055 
31.581402 1.0 80.10619 0.0 51.417477 12.217373 0.0 49.054653 90.76621 50.786297 
30.431128 80.10619 1.0 52.792866 0.0 45.579712 86.40606 29.491156 54.38478 64.40172 
90.44239 0.0 52.792866 1.0 87.042656 0.0 0.0 16.724146 72.918144 38.611263 
26.22943 51.417477 0.0 87.042656 1.0 59.402763 7.9115033 0.0 95.770294 24.263405 
76.31364 12.217373 45.579712 0.0 59.402763 1.0 34.01366 3.3318043 31.551552 53.603928 
36.77989 0.0 86.40606 0.0 7.9115033 34.01366 1.0 91.881714 57.730675 4.6548247 
61.021072 49.054653 29.491156 16.724146 0.0 3.3318043 91.881714 1.0 79.66938 36.685417 
27.252834 90.76621 54.38478 72.918144 95.770294 31.551552 57.730675 79.66938 1.0 0.0 
74.678055 50.786297 64.40172 38.611263 24.263405 53.603928 4.6548247 36.685417 0.0 1.0 
