mw
10
1.0 15.359479 92.35529 76.770485 48.29272 91.816086 43.255657 67.75298 45.48471 92.62373 
15.359479 1.0 83.0018 39.38368 29.925705 45.879025 0.0 46.050514 31.643503 42.427765 
92.35529 83.0018 1.0 67.68011 0.0 68.85416 0.06541014 34.910004 87.891014 14.9557295 
76.770485 39.38368 67.68011 1.0 60.990555 36.27619 10.4239645 62.160908 75.428444 94.758446 
48.29272 29.925705 0.0 60.990555 1.0 72.7746 67.530334 18.333387 64.071014 73.46347 
91.816086 45.879025 68.85416 36.27619 72.7746 1.0 17.321426 49.72261 27.170164 75.98571 
43.255657 0.0 0.06541014 10.4239645 67.530334 17.321426 1.0 25.830746 98.19279 86.49098 
67.75298 46.050514 34.910004 62.160908 18.333387 49.72261 25.830746 1.0 0.0 82.53002 
45.48471 31.643503 87.891014 75.428444 64.071014 27.170164 98.19279 0.0 1.0 65.30676 
92.62373 42.427765 14.9557295 94.758446 73.46347 75.98571 86.49098 82.53002 65.30676 1.0 
