mw
10
1.0 43.807667 1.8677115 64.36815 6.6666484 31.67296 96.988625 0.0 10.417545 88.92949 
43.807667 1.0 35.41198 89.61834 0.0 53.738808 15.9607525 10.69194 45.81673 52.782494 
1.8677115 35.41198 1.0 36.393993 0.0 0.0 98.29835 35.0777 0.0 0.0 
64.36815 89.61834 36.393993 1.0 44.79513 78.029236 32.68082 0.45181513 4.7077537 17.74587 
6.6666484 0.0 0.0 44.79513 1.0 0.0 55.725998 33.201588 66.20591 26.611053 
31.67296 53.738808 0.0 78.029236 0.0 1.0 16.131132 0.0 29.131721 26.315153 
96.988625 15.9607525 98.29835 32.68082 55.725998 16.131132 1.0 42.550278 29.863108 0.0 
0.0 10.69194 35.0777 0.45181513 33.201588 0.0 42.550278 1.0 63.07958 10.821992 
10.417545 45.81673 0.0 4.7077537 66.20591 29.131721 29.863108 63.07958 1.0 50.31799 
88.92949 52.782494 0.0 17.74587 26.611053 26.315153 0.0 10.821992 50.31799 1.0 
