mw
10
1.0 0.0 49.29057 47.186726 60.675793 67.64985 0.0 89.25147 40.598686 95.74317 
0.0 1.0 59.034718 21.410948 71.473206 0.0 23.22023 37.00767 0.0 0.0 
49.29057 59.034718 1.0 0.0 57.41024 22.148722 31.27401 91.71978 20.388668 9.897095 
47.186726 21.410948 0.0 1.0 0.0 3.617847 0.0 45.19545 7.5784626 28.50868 
60.675793 71.473206 57.41024 0.0 1.0 0.0 60.133892 9.3704815 80.734375 98.861694 
67.64985 0.0 22.148722 3.617847 0.0 1.0 35.559864 21.915537 15.018201 0.0 
0.0 23.22023 31.27401 0.0 60.133892 35.559864 1.0 77.0405 15.667319 0.0 
89.25147 37.00767 91.71978 45.19545 9.3704815 21.915537 77.0405 1.0 89.40906 31.7299 
40.598686 0.0 20.388668 7.5784626 80.734375 15.018201 15.667319 89.40906 1.0 55.069626 
95.74317 0.0 9.897095 28.50868 98.861694 0.0 0.0 31.7299 55.069626 1.0 
