mw
10
1.0 0.0 48.545265 42.142456 14.801002 0.0 33.295147 45.81244 0.12423396 1.6037226 
0.0 1.0 72.60317 17.181736 77.592865 24.704367 95.191986 51.977013 27.60399 89.44837 
48.545265 72.60317 1.0 77.91597 6.8166137 49.909496 4.198164 16.4832 47.99708 24.765999 
42.142456 17.181736 77.91597 1.0 71.55146 91.104385 0.0 41.802414 0.0 71.6023 
14.801002 77.592865 6.8166137 71.55146 1.0 25.914108 45.74209 88.28748 50.710636 28.593086 
0.0 24.704367 49.909496 91.104385 25.914108 1.0 90.69488 0.0 82.78676 33.710766 
33.295147 95.191986 4.198164 0.0 45.74209 90.69488 1.0 0.0 60.41767 15.174156 
45.81244 51.977013 16.4832 41.802414 88.28748 0.0 0.0 1.0 89.44137 0.0 
0.12423396 27.60399 47.99708 0.0 50.710636 82.78676 60.41767 89.44137 1.0 17.633373 
1.6037226 89.44837 24.765999 71.6023 28.593086 33.710766 15.174156 0.0 17.633373 1.0 
