mw
15
1.0 20.368093 12.97009 73.601074 65.50963 5.3575635 33.85809 43.99125 5.2247047 49.089138 0.0 12.04114 94.33074 19.983953 67.07213 
20.368093 1.0 0.0 25.171053 58.047504 0.0 0.0 98.920815 12.654442 0.0 38.62758 88.85058 73.5491 73.023834 77.733925 
12.97009 0.0 1.0 0.0 56.067814 63.160885 67.93018 20.597834 6.399912 0.0 55.252285 42.871975 45.188503 0.0 0.0 
73.601074 25.171053 0.0 1.0 0.0 55.19771 0.0 61.27101 19.632875 57.885044 47.780632 35.952545 23.495543 40.363194 0.0 
65.50963 58.047504 56.067814 0.0 1.0 12.776936 42.503036 75.465225 0.0 70.637955 25.658375 0.0 51.247345 78.5309 0.0 
5.3575635 0.0 63.160885 55.19771 12.776936 1.0 99.91023 0.0 55.010807 62.04226 65.48123 3.9795756 74.92445 0.0 67.710655 
33.85809 0.0 67.93018 0.0 42.503036 99.91023 1.0 79.022766 48.80975 17.142164 11.12091 23.051483 46.572155 26.503479 39.21128 
43.99125 98.920815 20.597834 61.27101 75.465225 0.0 79.022766 1.0 85.10249 49.512947 86.699646 20.109362 80.098434 0.0 86.999245 
5.2247047 12.654442 6.399912 19.632875 0.0 55.010807 48.80975 85.10249 1.0 83.29752 7.4605107 0.0 0.0 60.32839 47.05676 
49.089138 0.0 0.0 57.885044 70.637955 62.04226 17.142164 49.512947 83.29752 1.0 30.670755 56.25233 1.2026548 18.93851 67.70548 
0.0 38.62758 55.252285 47.780632 25.658375 65.48123 11.12091 86.699646 7.4605107 30.670755 1.0 29.18815 0.0 9.672392 55.0772 
12.04114 88.85058 42.871975 35.952545 0.0 3.9795756 23.051483 20.109362 0.0 56.25233 29.18815 1.0 96.91702 48.434162 0.0 
94.33074 73.5491 45.188503 23.495543 51.247345 74.92445 46.572155 80.098434 0.0 1.2026548 0.0 96.91702 1.0 24.578262 94.0656 
19.983953 73.023834 0.0 40.363194 78.5309 0.0 26.503479 0.0 60.32839 18.93851 9.672392 48.434162 24.578262 1.0 85.788864 
67.07213 77.733925 0.0 0.0 0.0 67.710655 39.21128 86.999245 47.05676 67.70548 55.0772 0.0 94.0656 85.788864 1.0 
