mw
15
1.0 49.566387 53.455334 0.0 69.35263 99.12846 46.112885 0.0 42.573677 74.0939 1.124227 42.175735 19.823187 0.0 44.801815 
49.566387 1.0 21.233963 35.090893 60.496284 72.951645 87.367516 0.0 0.0 56.625187 23.77298 0.0 81.57371 73.87474 72.03633 
53.455334 21.233963 1.0 2.3993552 34.922253 0.0 0.0 31.695927 71.12766 0.0 61.37548 0.0 0.0 75.35464 28.530466 
0.0 35.090893 2.3993552 1.0 18.311703 14.483243 84.52766 62.415337 77.0037 41.783886 0.0 0.0 0.0 75.44857 68.2015 
69.35263 60.496284 34.922253 18.311703 1.0 0.0 54.555767 0.0 75.93521 56.17789 74.67211 0.0 0.0 24.233358 38.50303 
99.12846 72.951645 0.0 14.483243 0.0 1.0 0.0 81.42382 0.0 0.0 53.404247 54.47992 68.43522 6.9390955 53.08682 
46.112885 87.367516 0.0 84.52766 54.555767 0.0 1.0 8.614326 0.0 0.0 73.42784 0.0 98.36872 75.86519 0.0 
0.0 0.0 31.695927 62.415337 0.0 81.42382 8.614326 1.0 0.0 52.354477 90.47869 0.0 30.896633 36.69673 21.03855 
42.573677 0.0 71.12766 77.0037 75.93521 0.0 0.0 0.0 1.0 55.49307 86.23911 65.8902 0.0 0.0 98.93949 
74.0939 56.625187 0.0 41.783886 56.17789 0.0 0.0 52.354477 55.49307 1.0 92.00497 88.87147 0.0 35.8957 20.873463 
1.124227 23.77298 61.37548 0.0 74.67211 53.404247 73.42784 90.47869 86.23911 92.00497 1.0 96.353714 79.54841 4.3590307 0.0 
42.175735 0.0 0.0 0.0 0.0 54.47992 0.0 0.0 65.8902 88.87147 96.353714 1.0 0.0 69.88962 94.632324 
19.823187 81.57371 0.0 0.0 0.0 68.43522 98.36872 30.896633 0.0 0.0 79.54841 0.0 1.0 0.0 78.182594 
0.0 73.87474 75.35464 75.44857 24.233358 6.9390955 75.86519 36.69673 0.0 35.8957 4.3590307 69.88962 0.0 1.0 4.6591225 
44.801815 72.03633 28.530466 68.2015 38.50303 53.08682 0.0 21.03855 98.93949 20.873463 0.0 94.632324 78.182594 4.6591225 1.0 
