mw
15
1.0 62.27057 53.361267 0.0 66.21924 40.266712 53.192764 0.0 0.0 25.702 24.53618 0.0 40.163834 81.46079 37.447952 
62.27057 1.0 61.32788 27.561014 0.0 3.1541765 8.943802 11.628592 2.791661 23.003817 84.74714 99.45378 0.0 0.0 38.216114 
53.361267 61.32788 1.0 18.55358 68.28572 81.72375 81.53396 13.783878 51.650143 90.20476 55.40971 22.903622 0.0 62.489277 0.0 
0.0 27.561014 18.55358 1.0 35.45695 39.943188 80.18235 72.0945 15.199745 51.192307 0.0 15.56161 74.46797 79.28694 0.0 
66.21924 0.0 68.28572 35.45695 1.0 22.816784 38.7789 0.0 8.098227 29.161024 43.16238 10.1476965 97.93569 0.0 0.0 
40.266712 3.1541765 81.72375 39.943188 22.816784 1.0 9.0658245 72.61043 0.0 50.91981 2.884674 28.15479 8.13902 27.37921 80.85897 
53.192764 8.943802 81.53396 80.18235 38.7789 9.0658245 1.0 82.44511 69.578094 43.64937 48.913036 1.7101109 78.885475 22.648598 74.561714 
0.0 11.628592 13.783878 72.0945 0.0 72.61043 82.44511 1.0 1.414299 22.720528 17.165447 57.53271 77.032005 0.0 67.906265 
0.0 2.791661 51.650143 15.199745 8.098227 0.0 69.578094 1.414299 1.0 93.54186 59.824528 29.491096 7.8321576 0.0 88.45257 
25.702 23.003817 90.20476 51.192307 29.161024 50.91981 43.64937 22.720528 93.54186 1.0 39.963566 9.846878 12.132192 67.52615 0.0 
24.53618 84.74714 55.40971 0.0 43.16238 2.884674 48.913036 17.165447 59.824528 39.963566 1.0 19.67036 17.122042 21.132452 6.461376 
0.0 99.45378 22.903622 15.56161 10.1476965 28.15479 1.7101109 57.53271 29.491096 9.846878 19.67036 1.0 40.478844 0.0 30.056917 
40.163834 0.0 0.0 74.46797 97.93569 8.13902 78.885475 77.032005 7.8321576 12.132192 17.122042 40.478844 1.0 38.824837 22.649448 
81.46079 0.0 62.489277 79.28694 0.0 27.37921 22.648598 0.0 0.0 67.52615 21.132452 0.0 38.824837 1.0 22.434717 
37.447952 38.216114 0.0 0.0 0.0 80.85897 74.561714 67.906265 88.45257 0.0 6.461376 30.056917 22.649448 22.434717 1.0 
