mw
15
1.0 52.486015 52.2961 0.0 74.90099 0.0 0.0 49.71614 45.148827 0.0 86.995415 64.29522 46.86521 28.802145 0.0 
52.486015 1.0 14.581823 8.90463 0.0 0.0 0.0 92.8891 71.41524 70.42472 0.0 32.697468 15.622067 0.0 4.3134747 
52.2961 14.581823 1.0 83.78797 67.76516 0.0 30.763805 89.49132 2.732253 5.4715395 75.618385 6.8105164 17.712986 0.0 0.0 
0.0 8.90463 83.78797 1.0 0.0 0.0 0.0 84.297035 14.002668 0.0 90.677765 0.0 0.0 0.0 43.77982 
74.90099 0.0 67.76516 0.0 1.0 69.235 88.02766 0.0 0.0 50.74767 0.0 93.61972 0.0 0.0 0.0 
0.0 0.0 0.0 0.0 69.235 1.0 9.26829 53.352684 0.0 0.0 0.0 10.227662 67.280075 26.263815 0.0 
0.0 0.0 30.763805 0.0 88.02766 9.26829 1.0 0.0 49.069817 43.735226 6.664199 69.52622 0.0 0.0 21.438885 
49.71614 92.8891 89.49132 84.297035 0.0 53.352684 0.0 1.0 0.0 94.5262 97.10567 0.0 37.131786 0.0 26.45129 
45.148827 71.41524 2.732253 14.002668 0.0 0.0 49.069817 0.0 1.0 0.0 34.883595 0.0 0.0 55.78077 0.0 
0.0 70.42472 5.4715395 0.0 50.74767 0.0 43.735226 94.5262 0.0 1.0 34.43756 26.75278 27.427704 93.63629 21.040636 
86.995415 0.0 75.618385 90.677765 0.0 0.0 6.664199 97.10567 34.883595 34.43756 1.0 0.0 0.0 0.0 65.194336 
64.29522 32.697468 6.8105164 0.0 93.61972 10.227662 69.52622 0.0 0.0 26.75278 0.0 1.0 86.75382 69.65183 0.0 
46.86521 15.622067 17.712986 0.0 0.0 67.280075 0.0 37.131786 0.0 27.427704 0.0 86.75382 1.0 51.378 0.0 
28.802145 0.0 0.0 0.0 0.0 26.263815 0.0 0.0 55.78077 93.63629 0.0 69.65183 51.378 1.0 15.181292 
0.0 4.3134747 0.0 43.77982 0.0 0.0 21.438885 26.45129 0.0 21.040636 65.194336 0.0 0.0 15.181292 1.0 
