mw
15
1.0 47.757233 16.563534 47.185516 62.043095 72.21293 2.7375221 2.2065759 89.54858 29.150063 34.48248 85.0043 77.76782 22.546936 34.94485 
47.757233 1.0 54.10946 50.478786 0.0 43.336697 49.13311 48.21395 10.316605 0.0 23.580599 15.379614 16.874378 60.9165 32.09748 
16.563534 54.10946 1.0 42.750454 3.0274808 26.638609 8.480745 65.458954 0.0 11.763501 19.753695 47.919006 3.8999796 30.258257 70.8385 
47.185516 50.478786 42.750454 1.0 84.31188 79.77804 0.0 80.01713 41.26299 78.38182 60.795795 98.5599 21.185059 75.47221 35.344345 
62.043095 0.0 3.0274808 84.31188 1.0 0.0 69.70809 0.0 83.11179 40.535366 0.0 26.21414 64.36798 0.0 56.960224 
72.21293 43.336697 26.638609 79.77804 0.0 1.0 74.11171 60.786293 95.74914 67.604675 97.00346 12.074333 83.15562 56.870224 45.379673 
2.7375221 49.13311 8.480745 0.0 69.70809 74.11171 1.0 0.0 65.60894 60.42237 50.11938 67.94658 0.0 0.0 11.70311 
2.2065759 48.21395 65.458954 80.01713 0.0 60.786293 0.0 1.0 29.394007 13.533794 20.261288 47.770863 93.366776 48.600517 77.07538 
89.54858 10.316605 0.0 41.26299 83.11179 95.74914 65.60894 29.394007 1.0 67.84798 20.343065 72.72411 67.02096 12.959099 68.20497 
29.150063 0.0 11.763501 78.38182 40.535366 67.604675 60.42237 13.533794 67.84798 1.0 76.02925 0.0 42.1185 61.52151 45.347202 
34.48248 23.580599 19.753695 60.795795 0.0 97.00346 50.11938 20.261288 20.343065 76.02925 1.0 64.89958 47.47217 90.589424 11.928135 
85.0043 15.379614 47.919006 98.5599 26.21414 12.074333 67.94658 47.770863 72.72411 0.0 64.89958 1.0 94.95818 78.06444 25.749504 
77.76782 16.874378 3.8999796 21.185059 64.36798 83.15562 0.0 93.366776 67.02096 42.1185 47.47217 94.95818 1.0 86.42653 51.046085 
22.546936 60.9165 30.258257 75.47221 0.0 56.870224 0.0 48.600517 12.959099 61.52151 90.589424 78.06444 86.42653 1.0 3.4305215 
34.94485 32.09748 70.8385 35.344345 56.960224 45.379673 11.70311 77.07538 68.20497 45.347202 11.928135 25.749504 51.046085 3.4305215 1.0 
