mw
15
1.0 81.94513 46.93935 85.94012 5.983371 2.6272 48.720367 78.14628 52.897167 27.045786 9.268689 0.0 32.103634 92.74655 39.56606 
81.94513 1.0 26.848585 43.700523 30.060673 0.0 4.6237526 77.73826 41.511642 37.53701 85.233765 11.108428 8.122653 96.28935 16.75269 
46.93935 26.848585 1.0 87.49894 46.523083 40.78489 53.349144 4.2689204 41.29038 42.177296 91.200226 0.0 82.468735 98.24909 68.52568 
85.94012 43.700523 87.49894 1.0 39.271038 15.048695 57.260925 92.18321 38.522583 35.06213 0.0 0.0 67.14255 38.05403 69.27588 
5.983371 30.060673 46.523083 39.271038 1.0 64.00768 9.110254 20.927805 82.99693 30.827755 51.85215 0.0 46.786617 43.611588 37.04847 
2.6272 0.0 40.78489 15.048695 64.00768 1.0 65.003845 53.72774 73.72541 11.944598 14.591169 55.163223 61.905922 26.077383 66.934364 
48.720367 4.6237526 53.349144 57.260925 9.110254 65.003845 1.0 91.25618 0.0 85.03026 38.32101 27.324331 38.637817 72.066895 78.929955 
78.14628 77.73826 4.2689204 92.18321 20.927805 53.72774 91.25618 1.0 21.98407 60.40572 0.0 33.218628 40.12466 67.02987 51.590168 
52.897167 41.511642 41.29038 38.522583 82.99693 73.72541 0.0 21.98407 1.0 19.87717 49.85214 23.426104 79.71852 0.0 38.70523 
27.045786 37.53701 42.177296 35.06213 30.827755 11.944598 85.03026 60.40572 19.87717 1.0 5.0135255 8.941746 20.351768 79.00879 14.586889 
9.268689 85.233765 91.200226 0.0 51.85215 14.591169 38.32101 0.0 49.85214 5.0135255 1.0 93.87703 27.615023 4.8065305 80.34121 
0.0 11.108428 0.0 0.0 0.0 55.163223 27.324331 33.218628 23.426104 8.941746 93.87703 1.0 20.70756 8.073723 71.752106 
32.103634 8.122653 82.468735 67.14255 46.786617 61.905922 38.637817 40.12466 79.71852 20.351768 27.615023 20.70756 1.0 1.3747275 78.506165 
92.74655 96.28935 98.24909 38.05403 43.611588 26.077383 72.066895 67.02987 0.0 79.00879 4.8065305 8.073723 1.3747275 1.0 69.276825 
39.56606 16.75269 68.52568 69.27588 37.04847 66.934364 78.929955 51.590168 38.70523 14.586889 80.34121 71.752106 78.506165 69.276825 1.0 
