mw
15
1.0 0.0 22.052706 0.0 67.54511 69.6784 0.0 76.13437 80.69065 68.080284 92.10798 59.33592 99.17858 72.860306 0.0 
0.0 1.0 88.59175 72.3968 41.338276 19.903416 54.18135 89.39328 67.42857 6.769019 89.259575 0.0 51.715374 87.14046 79.15316 
22.052706 88.59175 1.0 4.3922606 27.73918 88.80559 95.261055 65.11641 17.978865 79.88866 42.38726 73.287094 86.60764 74.07282 0.0 
0.0 72.3968 4.3922606 1.0 22.646927 43.796856 99.82766 57.82559 0.0 51.023354 12.816286 86.10669 11.800146 48.462082 54.325397 
67.54511 41.338276 27.73918 22.646927 1.0 78.069756 54.1323 17.920023 1.9254923 41.52988 92.83621 9.238887 0.0 95.319145 77.81016 
69.6784 19.903416 88.80559 43.796856 78.069756 1.0 57.892353 83.84936 0.0 4.95764 36.61674 33.313473 0.0 10.936773 41.220943 
0.0 54.18135 95.261055 99.82766 54.1323 57.892353 1.0 66.66977 75.15532 97.26752 93.431145 78.981575 81.06765 31.451368 58.012676 
76.13437 89.39328 65.11641 57.82559 17.920023 83.84936 66.66977 1.0 22.558165 41.18381 76.558464 0.0 6.8846107 54.550095 43.20378 
80.69065 67.42857 17.978865 0.0 1.9254923 0.0 75.15532 22.558165 1.0 38.922684 78.135376 37.37567 55.414875 84.057816 60.72413 
68.080284 6.769019 79.88866 51.023354 41.52988 4.95764 97.26752 41.18381 38.922684 1.0 74.46115 0.0 0.0 85.599815 91.27324 
92.10798 89.259575 42.38726 12.816286 92.83621 36.61674 93.431145 76.558464 78.135376 74.46115 1.0 69.87538 63.6424 57.736664 30.177015 
59.33592 0.0 73.287094 86.10669 9.238887 33.313473 78.981575 0.0 37.37567 0.0 69.87538 1.0 11.716157 12.264645 72.48169 
99.17858 51.715374 86.60764 11.800146 0.0 0.0 81.06765 6.8846107 55.414875 0.0 63.6424 11.716157 1.0 19.53624 36.43448 
72.860306 87.14046 74.07282 48.462082 95.319145 10.936773 31.451368 54.550095 84.057816 85.599815 57.736664 12.264645 19.53624 1.0 35.124187 
0.0 79.15316 0.0 54.325397 77.81016 41.220943 58.012676 43.20378 60.72413 91.27324 30.177015 72.48169 36.43448 35.124187 1.0 
