mw
15
1.0 61.408096 28.499407 36.771225 3.638029 77.33949 44.383514 31.317537 31.117624 68.74353 79.85646 90.79932 32.46816 24.478304 34.70355 
61.408096 1.0 23.425304 0.0 0.0 97.825745 30.035496 12.451601 5.494505 72.46449 94.762405 87.99451 32.52127 99.07729 93.15897 
28.499407 23.425304 1.0 0.0 89.24852 14.872259 89.647446 83.39529 54.881096 0.0 73.66201 18.268997 24.962896 60.492603 31.119389 
36.771225 0.0 0.0 1.0 78.56514 21.770668 59.327263 36.79766 17.475235 76.198456 42.366577 51.792313 27.103264 92.96876 87.51635 
3.638029 0.0 89.24852 78.56514 1.0 74.14104 0.0 53.464134 0.7931113 0.0 83.53271 9.0894165 0.0 69.75796 31.139904 
77.33949 97.825745 14.872259 21.770668 74.14104 1.0 16.522556 96.23184 68.53454 0.0 27.47165 0.0 5.310112 61.076866 94.77064 
44.383514 30.035496 89.647446 59.327263 0.0 16.522556 1.0 36.63974 50.48306 0.0 48.477566 91.44469 28.345621 48.151737 1.9219458 
31.317537 12.451601 83.39529 36.79766 53.464134 96.23184 36.63974 1.0 11.252147 32.207424 0.0 75.33669 39.215614 85.23058 12.661439 
31.117624 5.494505 54.881096 17.475235 0.7931113 68.53454 50.48306 11.252147 1.0 76.42931 4.954231 42.97493 81.06285 57.636345 48.0525 
68.74353 72.46449 0.0 76.198456 0.0 0.0 0.0 32.207424 76.42931 1.0 78.539566 13.613235 58.777557 56.991474 56.685913 
79.85646 94.762405 73.66201 42.366577 83.53271 27.47165 48.477566 0.0 4.954231 78.539566 1.0 96.3527 32.37245 0.0 14.726371 
90.79932 87.99451 18.268997 51.792313 9.0894165 0.0 91.44469 75.33669 42.97493 13.613235 96.3527 1.0 49.911396 57.86101 20.783276 
32.46816 32.52127 24.962896 27.103264 0.0 5.310112 28.345621 39.215614 81.06285 58.777557 32.37245 49.911396 1.0 46.594727 0.0 
24.478304 99.07729 60.492603 92.96876 69.75796 61.076866 48.151737 85.23058 57.636345 56.991474 0.0 57.86101 46.594727 1.0 82.52995 
34.70355 93.15897 31.119389 87.51635 31.139904 94.77064 1.9219458 12.661439 48.0525 56.685913 14.726371 20.783276 0.0 82.52995 1.0 
