mw
15
1.0 78.56261 10.915023 95.36586 54.4954 26.411926 57.405167 36.684288 46.533722 87.444565 47.25777 41.081566 0.0 54.49368 41.00261 
78.56261 1.0 0.0 53.344284 49.69384 14.652884 0.5712688 56.390064 2.6836872 93.042435 89.59571 0.0 53.716244 0.0 86.95037 
10.915023 0.0 1.0 0.0 41.99451 27.023209 97.34394 5.4591894 31.594204 41.841496 1.9294202 36.678493 16.906738 89.33962 0.0 
95.36586 53.344284 0.0 1.0 36.517097 13.871384 99.59279 0.0 62.22634 43.73776 62.32202 64.81882 62.154663 63.165398 15.62007 
54.4954 49.69384 41.99451 36.517097 1.0 0.0 62.80914 60.67116 8.331728 25.188583 99.39605 21.169138 46.636795 37.1091 67.896255 
26.411926 14.652884 27.023209 13.871384 0.0 1.0 60.167442 79.68631 22.177155 96.902596 84.64194 50.290043 27.811325 44.930153 9.811317 
57.405167 0.5712688 97.34394 99.59279 62.80914 60.167442 1.0 38.521862 72.43876 50.321854 1.2506127 87.973206 54.951317 25.571323 0.0 
36.684288 56.390064 5.4591894 0.0 60.67116 79.68631 38.521862 1.0 69.74786 48.598362 2.4142385 77.15687 91.33046 82.49399 56.859894 
46.533722 2.6836872 31.594204 62.22634 8.331728 22.177155 72.43876 69.74786 1.0 0.95953345 65.292946 61.991524 54.22712 3.2580078 86.11391 
87.444565 93.042435 41.841496 43.73776 25.188583 96.902596 50.321854 48.598362 0.95953345 1.0 34.5271 21.847635 47.91535 2.1003067 55.45981 
47.25777 89.59571 1.9294202 62.32202 99.39605 84.64194 1.2506127 2.4142385 65.292946 34.5271 1.0 5.439043 86.81467 48.103767 0.0 
41.081566 0.0 36.678493 64.81882 21.169138 50.290043 87.973206 77.15687 61.991524 21.847635 5.439043 1.0 30.307983 61.698235 21.925074 
0.0 53.716244 16.906738 62.154663 46.636795 27.811325 54.951317 91.33046 54.22712 47.91535 86.81467 30.307983 1.0 43.679394 43.3946 
54.49368 0.0 89.33962 63.165398 37.1091 44.930153 25.571323 82.49399 3.2580078 2.1003067 48.103767 61.698235 43.679394 1.0 0.0 
41.00261 86.95037 0.0 15.62007 67.896255 9.811317 0.0 56.859894 86.11391 55.45981 0.0 21.925074 43.3946 0.0 1.0 
