mw
15
1.0 7.0687413 94.117096 75.11568 64.785355 33.69472 0.0 0.0 46.538223 42.070793 14.672774 80.2277 22.383106 18.548054 13.864088 
7.0687413 1.0 62.687283 5.37616 12.319261 92.00451 43.731236 43.370617 9.748543 17.703623 78.04345 53.959007 24.875874 24.14555 93.2604 
94.117096 62.687283 1.0 66.2238 33.645683 46.96809 0.0 71.61426 29.955095 17.795498 45.716625 94.859245 77.75774 0.0 58.040695 
75.11568 5.37616 66.2238 1.0 65.04726 0.0 1.6796649 55.645145 76.412056 79.77102 20.504719 6.411189 77.091064 8.432108 87.38071 
64.785355 12.319261 33.645683 65.04726 1.0 17.903381 40.664745 97.926994 98.99871 2.161324 0.0 14.61429 7.940829 94.19599 70.10501 
33.69472 92.00451 46.96809 0.0 17.903381 1.0 93.512985 79.41685 0.0 47.25593 40.03257 0.0 22.89676 68.28654 81.514755 
0.0 43.731236 0.0 1.6796649 40.664745 93.512985 1.0 10.831362 0.0 47.13205 84.53243 10.425753 7.0112524 59.969616 0.0 
0.0 43.370617 71.61426 55.645145 97.926994 79.41685 10.831362 1.0 10.321814 5.084884 24.19966 1.9148171 5.826968 19.702572 37.925644 
46.538223 9.748543 29.955095 76.412056 98.99871 0.0 0.0 10.321814 1.0 94.711075 89.07227 43.361187 67.41411 43.954285 0.0 
42.070793 17.703623 17.795498 79.77102 2.161324 47.25593 47.13205 5.084884 94.711075 1.0 0.0 26.469618 71.76131 80.46525 54.9897 
14.672774 78.04345 45.716625 20.504719 0.0 40.03257 84.53243 24.19966 89.07227 0.0 1.0 67.62818 33.082634 22.306473 40.81536 
80.2277 53.959007 94.859245 6.411189 14.61429 0.0 10.425753 1.9148171 43.361187 26.469618 67.62818 1.0 25.666445 0.0 82.88638 
22.383106 24.875874 77.75774 77.091064 7.940829 22.89676 7.0112524 5.826968 67.41411 71.76131 33.082634 25.666445 1.0 2.0984411 69.55088 
18.548054 24.14555 0.0 8.432108 94.19599 68.28654 59.969616 19.702572 43.954285 80.46525 22.306473 0.0 2.0984411 1.0 39.28903 
13.864088 93.2604 58.040695 87.38071 70.10501 81.514755 0.0 37.925644 0.0 54.9897 40.81536 82.88638 69.55088 39.28903 1.0 
