mw
15
1.0 57.041775 43.296795 0.5535543 59.145725 0.28155446 40.664005 68.84604 27.314775 58.371956 47.339565 35.84421 21.445972 3.5419822 61.45379 
57.041775 1.0 0.0 11.748475 8.144098 48.753296 39.21436 8.458292 64.346245 60.199715 18.02408 80.22665 75.90567 0.0 55.977665 
43.296795 0.0 1.0 93.2474 92.92585 57.457924 69.02959 0.83560944 55.50533 78.91794 0.0 56.46324 40.604465 86.32135 7.7742934 
0.5535543 11.748475 93.2474 1.0 97.201035 93.75716 89.61913 43.49822 1.1447787 3.2109976 84.80026 20.802433 83.77004 54.75638 69.86252 
59.145725 8.144098 92.92585 97.201035 1.0 80.66397 82.579796 65.13599 63.27616 47.986244 3.3385277 39.729702 28.027767 0.0 0.0 
0.28155446 48.753296 57.457924 93.75716 80.66397 1.0 87.81717 56.499638 78.80369 15.284866 22.91267 13.466299 0.0 88.14776 0.0 
40.664005 39.21436 69.02959 89.61913 82.579796 87.81717 1.0 0.0 93.63909 48.85846 49.510574 43.696423 56.152225 85.085 7.266164 
68.84604 8.458292 0.83560944 43.49822 65.13599 56.499638 0.0 1.0 46.239124 12.645125 41.267162 95.00412 22.811485 0.0 17.42633 
27.314775 64.346245 55.50533 1.1447787 63.27616 78.80369 93.63909 46.239124 1.0 59.33246 0.0 48.842926 30.180115 67.78757 13.290882 
58.371956 60.199715 78.91794 3.2109976 47.986244 15.284866 48.85846 12.645125 59.33246 1.0 42.489006 43.880672 76.96984 31.20929 59.895073 
47.339565 18.02408 0.0 84.80026 3.3385277 22.91267 49.510574 41.267162 0.0 42.489006 1.0 0.36666393 18.806261 94.16962 91.17792 
35.84421 80.22665 56.46324 20.802433 39.729702 13.466299 43.696423 95.00412 48.842926 43.880672 0.36666393 1.0 40.55559 54.402912 50.210064 
21.445972 75.90567 40.604465 83.77004 28.027767 0.0 56.152225 22.811485 30.180115 76.96984 18.806261 40.55559 1.0 87.69486 7.3456106 
3.5419822 0.0 86.32135 54.75638 0.0 88.14776 85.085 0.0 67.78757 31.20929 94.16962 54.402912 87.69486 1.0 92.6831 
61.45379 55.977665 7.7742934 69.86252 0.0 0.0 7.266164 17.42633 13.290882 59.895073 91.17792 50.210064 7.3456106 92.6831 1.0 
