mw
15
1.0 0.0 0.0 34.751297 0.0 89.03802 22.26618 65.34363 0.0 72.75879 50.58118 94.230965 67.19473 55.966656 18.633389 
0.0 1.0 85.573784 0.034815073 58.68609 0.0 0.0 12.930733 0.0 45.655296 66.22574 61.640404 18.144787 25.22766 71.121475 
0.0 85.573784 1.0 68.404625 42.352192 40.9971 65.66442 74.37677 7.439828 87.44514 58.094334 36.28875 66.94643 27.79764 48.452354 
34.751297 0.034815073 68.404625 1.0 10.56295 96.91521 82.99376 99.51261 4.8517346 17.526579 1.8942714 10.752768 28.200752 47.03174 12.756788 
0.0 58.68609 42.352192 10.56295 1.0 68.55981 8.271658 69.04446 74.85298 74.87143 0.0 69.59802 2.8791606 21.135252 90.73182 
89.03802 0.0 40.9971 96.91521 68.55981 1.0 6.378591 0.0 57.480576 49.29852 22.4043 6.1867356 38.93277 91.40125 0.0 
22.26618 0.0 65.66442 82.99376 8.271658 6.378591 1.0 40.01286 64.60769 16.81819 28.87044 0.0 82.05367 50.67684 88.08076 
65.34363 12.930733 74.37677 99.51261 69.04446 0.0 40.01286 1.0 99.399445 74.54649 0.0 57.464798 0.0 68.27892 0.0 
0.0 0.0 7.439828 4.8517346 74.85298 57.480576 64.60769 99.399445 1.0 21.875875 0.0 27.54525 69.06283 0.0 37.91717 
72.75879 45.655296 87.44514 17.526579 74.87143 49.29852 16.81819 74.54649 21.875875 1.0 60.516506 0.7751763 0.0 71.90311 78.309235 
50.58118 66.22574 58.094334 1.8942714 0.0 22.4043 28.87044 0.0 0.0 60.516506 1.0 0.0 46.12967 51.241302 0.0 
94.230965 61.640404 36.28875 10.752768 69.59802 6.1867356 0.0 57.464798 27.54525 0.7751763 0.0 1.0 32.30078 55.26339 42.22503 
67.19473 18.144787 66.94643 28.200752 2.8791606 38.93277 82.05367 0.0 69.06283 0.0 46.12967 32.30078 1.0 8.02902 30.13407 
55.966656 25.22766 27.79764 47.03174 21.135252 91.40125 50.67684 68.27892 0.0 71.90311 51.241302 55.26339 8.02902 1.0 0.0 
18.633389 71.121475 48.452354 12.756788 90.73182 0.0 88.08076 0.0 37.91717 78.309235 0.0 42.22503 30.13407 0.0 1.0 
