mw
15
1.0 86.89335 2.332449 22.48978 29.279583 56.070946 16.979296 62.32823 16.778194 54.915707 78.322525 66.44043 79.633934 86.23578 96.11318 
86.89335 1.0 62.758274 87.74555 85.59194 87.53454 62.504333 99.213394 0.0 47.54219 70.68157 12.276989 76.67473 86.20096 47.487747 
2.332449 62.758274 1.0 22.540539 69.18368 50.657757 0.0 68.44091 84.26791 20.864845 0.0 14.873427 0.0 34.012157 76.934906 
22.48978 87.74555 22.540539 1.0 13.883191 34.557777 0.0 97.18527 82.175964 58.212864 50.956196 58.57991 84.530914 85.56295 62.07971 
29.279583 85.59194 69.18368 13.883191 1.0 84.2846 5.8600006 0.0 44.585926 36.33905 39.344078 94.97461 27.589357 98.377144 28.45428 
56.070946 87.53454 50.657757 34.557777 84.2846 1.0 0.0 54.84083 0.13879538 94.41926 80.29773 69.34112 9.853512 78.12747 36.967224 
16.979296 62.504333 0.0 0.0 5.8600006 0.0 1.0 0.0 70.0639 49.14268 26.387537 14.03817 55.971874 67.48562 1.694566 
62.32823 99.213394 68.44091 97.18527 0.0 54.84083 0.0 1.0 92.69469 79.805176 71.46589 81.15284 58.888332 48.241085 34.275227 
16.778194 0.0 84.26791 82.175964 44.585926 0.13879538 70.0639 92.69469 1.0 97.94031 76.46381 97.06191 12.605935 62.55119 22.490847 
54.915707 47.54219 20.864845 58.212864 36.33905 94.41926 49.14268 79.805176 97.94031 1.0 76.83802 35.604088 0.0 29.314148 34.44924 
78.322525 70.68157 0.0 50.956196 39.344078 80.29773 26.387537 71.46589 76.46381 76.83802 1.0 51.5994 15.207375 51.128555 29.069084 
66.44043 12.276989 14.873427 58.57991 94.97461 69.34112 14.03817 81.15284 97.06191 35.604088 51.5994 1.0 0.0 38.94108 32.985176 
79.633934 76.67473 0.0 84.530914 27.589357 9.853512 55.971874 58.888332 12.605935 0.0 15.207375 0.0 1.0 77.77746 32.318886 
86.23578 86.20096 34.012157 85.56295 98.377144 78.12747 67.48562 48.241085 62.55119 29.314148 51.128555 38.94108 77.77746 1.0 88.672935 
96.11318 47.487747 76.934906 62.07971 28.45428 36.967224 1.694566 34.275227 22.490847 34.44924 29.069084 32.985176 32.318886 88.672935 1.0 
