mw
15
1.0 97.54106 85.30018 11.564583 4.017067 98.77897 97.95288 18.75925 35.606796 68.64794 86.67148 51.91713 43.141426 94.2568 3.7285864 
97.54106 1.0 20.40047 78.006714 0.0 18.533684 92.6472 57.851196 62.985825 42.800922 58.695568 3.2145083 94.131454 28.974415 97.36831 
85.30018 20.40047 1.0 34.167324 96.73991 50.22745 99.90197 4.2940083 53.11076 31.704771 7.313478 51.21385 28.92009 75.59908 0.0 
11.564583 78.006714 34.167324 1.0 95.34069 15.295357 42.346508 28.973925 70.32573 51.53128 59.482277 57.93947 19.13901 81.9505 82.13068 
4.017067 0.0 96.73991 95.34069 1.0 58.89684 71.16524 86.36471 92.929146 0.0 27.638268 31.647665 83.76358 90.073105 35.884483 
98.77897 18.533684 50.22745 15.295357 58.89684 1.0 89.9826 48.471897 57.950504 90.752106 80.67071 94.64011 82.414505 0.7382214 0.0 
97.95288 92.6472 99.90197 42.346508 71.16524 89.9826 1.0 19.471432 83.82376 27.879673 76.143555 0.0 0.0 6.1349034 88.12261 
18.75925 57.851196 4.2940083 28.973925 86.36471 48.471897 19.471432 1.0 0.0 46.71829 48.458363 20.056211 24.244421 2.1264434 73.1303 
35.606796 62.985825 53.11076 70.32573 92.929146 57.950504 83.82376 0.0 1.0 40.72945 38.217026 89.936424 23.953115 82.29143 29.611742 
68.64794 42.800922 31.704771 51.53128 0.0 90.752106 27.879673 46.71829 40.72945 1.0 83.434555 19.060999 27.346224 0.0 61.518753 
86.67148 58.695568 7.313478 59.482277 27.638268 80.67071 76.143555 48.458363 38.217026 83.434555 1.0 9.305453 99.53053 65.43077 84.88493 
51.91713 3.2145083 51.21385 57.93947 31.647665 94.64011 0.0 20.056211 89.936424 19.060999 9.305453 1.0 21.892054 0.0 65.27179 
43.141426 94.131454 28.92009 19.13901 83.76358 82.414505 0.0 24.244421 23.953115 27.346224 99.53053 21.892054 1.0 82.98412 46.356277 
94.2568 28.974415 75.59908 81.9505 90.073105 0.7382214 6.1349034 2.1264434 82.29143 0.0 65.43077 0.0 82.98412 1.0 90.20002 
3.7285864 97.36831 0.0 82.13068 35.884483 0.0 88.12261 73.1303 29.611742 61.518753 84.88493 65.27179 46.356277 90.20002 1.0 
