mw
15
1.0 82.36766 7.8535023 62.906574 33.161037 61.889587 0.0 79.72138 72.96863 0.0 0.0 82.742165 64.40828 0.0 0.0 
82.36766 1.0 0.0 35.759514 0.0 2.6492655 64.26009 82.43826 6.9210234 39.627277 35.538147 0.0 46.135777 0.0 0.0 
7.8535023 0.0 1.0 62.405388 0.0 2.2423089 84.31487 65.86064 0.0 10.128993 92.23095 0.0 0.0 45.65394 0.0 
62.906574 35.759514 62.405388 1.0 0.0 0.0 0.0 0.0 15.85868 75.98354 15.415859 1.5513718 63.403175 71.189186 42.750107 
33.161037 0.0 0.0 0.0 1.0 55.901875 53.884644 0.0 6.4012527 0.0 62.251057 98.61339 59.349503 0.0 0.0 
61.889587 2.6492655 2.2423089 0.0 55.901875 1.0 94.857704 0.0 0.0 94.24462 0.0 37.66291 0.0 67.44683 0.0 
0.0 64.26009 84.31487 0.0 53.884644 94.857704 1.0 58.189045 82.27577 9.46011 90.99973 0.0 29.87492 0.0 23.757547 
79.72138 82.43826 65.86064 0.0 0.0 0.0 58.189045 1.0 5.3247633 0.0 0.3097117 90.144936 0.0 50.786488 60.42785 
72.96863 6.9210234 0.0 15.85868 6.4012527 0.0 82.27577 5.3247633 1.0 0.0 0.0 91.70905 91.374 0.0 0.0 
0.0 39.627277 10.128993 75.98354 0.0 94.24462 9.46011 0.0 0.0 1.0 0.0 50.081467 9.922075 0.0 0.0 
0.0 35.538147 92.23095 15.415859 62.251057 0.0 90.99973 0.3097117 0.0 0.0 1.0 0.0 25.002401 16.314882 0.0 
82.742165 0.0 0.0 1.5513718 98.61339 37.66291 0.0 90.144936 91.70905 50.081467 0.0 1.0 0.0 45.35234 95.935165 
64.40828 46.135777 0.0 63.403175 59.349503 0.0 29.87492 0.0 91.374 9.922075 25.002401 0.0 1.0 0.0 0.0 
0.0 0.0 45.65394 71.189186 0.0 67.44683 0.0 50.786488 0.0 0.0 16.314882 45.35234 0.0 1.0 44.740166 
0.0 0.0 0.0 42.750107 0.0 0.0 23.757547 60.42785 0.0 0.0 0.0 95.935165 0.0 44.740166 1.0 
