mw
15
1.0 6.8053064 35.95223 19.567698 0.0 81.71892 66.942924 23.784649 39.15238 89.49225 78.64075 7.394308 85.55464 75.63415 7.756978 
6.8053064 1.0 13.776297 37.686222 90.963684 66.649635 37.575893 66.38081 88.006714 50.4237 82.985596 16.830063 44.024704 52.54403 65.88221 
35.95223 13.776297 1.0 47.77844 9.005922 5.057353 99.18595 0.0 44.266903 0.0 25.518692 45.514202 0.0 87.040886 48.333405 
19.567698 37.686222 47.77844 1.0 4.5028744 0.0 71.22166 66.56479 89.72482 10.476351 23.977482 94.52827 41.629875 27.546162 1.6290486 
0.0 90.963684 9.005922 4.5028744 1.0 0.0 46.52069 0.0 0.0 36.876785 36.051792 49.44039 98.80533 3.7255228 2.0421863 
81.71892 66.649635 5.057353 0.0 0.0 1.0 0.9243429 0.0 0.0 94.46936 87.05987 94.48587 83.34061 13.527113 0.0 
66.942924 37.575893 99.18595 71.22166 46.52069 0.9243429 1.0 33.94584 57.07082 13.7631235 63.10252 23.568577 96.81008 28.544544 14.34229 
23.784649 66.38081 0.0 66.56479 0.0 0.0 33.94584 1.0 95.59778 3.0979812 93.54428 99.17423 96.82815 0.0 23.722237 
39.15238 88.006714 44.266903 89.72482 0.0 0.0 57.07082 95.59778 1.0 73.54094 1.9177973 51.437904 0.0 91.35333 0.0 
89.49225 50.4237 0.0 10.476351 36.876785 94.46936 13.7631235 3.0979812 73.54094 1.0 91.89733 17.390955 83.80048 33.258076 0.0 
78.64075 82.985596 25.518692 23.977482 36.051792 87.05987 63.10252 93.54428 1.9177973 91.89733 1.0 89.13654 49.50556 17.285221 0.0 
7.394308 16.830063 45.514202 94.52827 49.44039 94.48587 23.568577 99.17423 51.437904 17.390955 89.13654 1.0 0.0 0.0 96.02663 
85.55464 44.024704 0.0 41.629875 98.80533 83.34061 96.81008 96.82815 0.0 83.80048 49.50556 0.0 1.0 97.10556 57.3054 
75.63415 52.54403 87.040886 27.546162 3.7255228 13.527113 28.544544 0.0 91.35333 33.258076 17.285221 0.0 97.10556 1.0 47.041683 
7.756978 65.88221 48.333405 1.6290486 2.0421863 0.0 14.34229 23.722237 0.0 0.0 0.0 96.02663 57.3054 47.041683 1.0 
