mw
15
1.0 70.51108 3.0469298 71.32644 34.538597 97.663574 37.552113 81.15239 88.59238 68.07573 23.601753 57.471172 0.0 0.0 27.57414 
70.51108 1.0 78.320786 63.92018 89.534935 52.786606 72.530815 64.0068 53.70561 69.58648 28.789156 88.85228 67.978165 9.745556 45.03941 
3.0469298 78.320786 1.0 59.826523 91.18747 22.876108 0.0 70.06461 45.527447 82.73687 44.901497 66.71897 70.6305 41.270794 3.9255261 
71.32644 63.92018 59.826523 1.0 68.1711 0.0 75.15097 35.521244 17.901653 54.824013 38.242626 0.0 95.66832 62.31417 9.906233 
34.538597 89.534935 91.18747 68.1711 1.0 73.70094 12.393475 41.335606 37.09118 76.70698 75.90372 52.842796 10.844713 0.0 92.175644 
97.663574 52.786606 22.876108 0.0 73.70094 1.0 19.605154 70.00984 55.502953 66.494644 22.037971 54.81047 9.958631 83.66226 92.93289 
37.552113 72.530815 0.0 75.15097 12.393475 19.605154 1.0 16.171432 40.13776 51.107388 60.514896 5.979836 52.952457 15.58125 28.058619 
81.15239 64.0068 70.06461 35.521244 41.335606 70.00984 16.171432 1.0 0.0 63.42672 79.426155 55.175972 22.77425 42.65711 72.74888 
88.59238 53.70561 45.527447 17.901653 37.09118 55.502953 40.13776 0.0 1.0 89.70516 49.10952 37.20791 28.039122 40.72185 55.196762 
68.07573 69.58648 82.73687 54.824013 76.70698 66.494644 51.107388 63.42672 89.70516 1.0 7.7837825 56.380623 51.418095 69.62565 1.1822522 
23.601753 28.789156 44.901497 38.242626 75.90372 22.037971 60.514896 79.426155 49.10952 7.7837825 1.0 0.0 99.73169 69.156006 17.512 
57.471172 88.85228 66.71897 0.0 52.842796 54.81047 5.979836 55.175972 37.20791 56.380623 0.0 1.0 87.94499 65.4797 30.934847 
0.0 67.978165 70.6305 95.66832 10.844713 9.958631 52.952457 22.77425 28.039122 51.418095 99.73169 87.94499 1.0 63.15949 39.63854 
0.0 9.745556 41.270794 62.31417 0.0 83.66226 15.58125 42.65711 40.72185 69.62565 69.156006 65.4797 63.15949 1.0 34.38853 
27.57414 45.03941 3.9255261 9.906233 92.175644 92.93289 28.058619 72.74888 55.196762 1.1822522 17.512 30.934847 39.63854 34.38853 1.0 
