mw
7
1.0 0.5345464 0.0 90.97701 59.58232 32.861595 72.704956 
0.5345464 1.0 18.027586 11.599964 65.35451 78.75782 0.0 
0.0 18.027586 1.0 0.0 84.47016 0.0 41.75553 
90.97701 11.599964 0.0 1.0 61.39538 5.141968 27.182257 
59.58232 65.35451 84.47016 61.39538 1.0 54.047363 0.0 
32.861595 78.75782 0.0 5.141968 54.047363 1.0 1.2755096 
72.704956 0.0 41.75553 27.182257 0.0 1.2755096 1.0 
