mw
7
1.0 0.0 21.188461 0.0 47.42763 31.713968 47.137917 
0.0 1.0 13.918781 0.0 29.928707 84.71654 9.510136 
21.188461 13.918781 1.0 38.998955 18.147766 82.64679 55.226177 
0.0 0.0 38.998955 1.0 23.942543 14.872307 30.61856 
47.42763 29.928707 18.147766 23.942543 1.0 57.33068 0.0 
31.713968 84.71654 82.64679 14.872307 57.33068 1.0 18.638206 
47.137917 9.510136 55.226177 30.61856 0.0 18.638206 1.0 
