mw
7
1.0 82.76545 29.277843 0.0 59.66552 0.81815124 0.0 
82.76545 1.0 43.280476 57.607746 0.7922888 40.089966 5.2752495 
29.277843 43.280476 1.0 94.95923 89.62759 18.09914 55.962456 
0.0 57.607746 94.95923 1.0 67.58257 0.0 0.0 
59.66552 0.7922888 89.62759 67.58257 1.0 14.114409 24.844116 
0.81815124 40.089966 18.09914 0.0 14.114409 1.0 81.778404 
0.0 5.2752495 55.962456 0.0 24.844116 81.778404 1.0 
