mw
7
1.0 66.47795 0.0 34.19976 9.73466 25.876898 0.0 
66.47795 1.0 27.198803 68.97091 36.354168 30.98783 71.57147 
0.0 27.198803 1.0 9.958482 39.90395 0.0 83.94782 
34.19976 68.97091 9.958482 1.0 24.2827 0.0 4.166049 
9.73466 36.354168 39.90395 24.2827 1.0 46.478355 91.5686 
25.876898 30.98783 0.0 0.0 46.478355 1.0 11.60819 
0.0 71.57147 83.94782 4.166049 91.5686 11.60819 1.0 
