mw
7
1.0 66.28104 0.0 94.37195 0.0 82.273224 15.827113 
66.28104 1.0 65.11327 0.0 86.974815 5.870122 80.26984 
0.0 65.11327 1.0 44.843704 53.200268 26.776188 89.44258 
94.37195 0.0 44.843704 1.0 83.03907 0.0 13.7717905 
0.0 86.974815 53.200268 83.03907 1.0 10.8633995 4.5966983 
82.273224 5.870122 26.776188 0.0 10.8633995 1.0 67.81736 
15.827113 80.26984 89.44258 13.7717905 4.5966983 67.81736 1.0 
