mw
7
1.0 96.269165 0.0 31.155628 27.728903 0.0 0.0 
96.269165 1.0 0.0 29.51691 31.844288 3.0281305 13.051086 
0.0 0.0 1.0 11.679774 94.74191 80.4028 99.003426 
31.155628 29.51691 11.679774 1.0 43.92126 0.0 18.745756 
27.728903 31.844288 94.74191 43.92126 1.0 58.72931 82.71662 
0.0 3.0281305 80.4028 0.0 58.72931 1.0 0.0 
0.0 13.051086 99.003426 18.745756 82.71662 0.0 1.0 
