mw
7
1.0 13.6650505 21.888035 54.942276 89.735596 75.36018 0.0 
13.6650505 1.0 78.95511 8.989263 54.382793 0.0 0.0 
21.888035 78.95511 1.0 90.5888 55.869038 9.965259 52.98608 
54.942276 8.989263 90.5888 1.0 36.46783 5.6407747 91.99389 
89.735596 54.382793 55.869038 36.46783 1.0 90.48095 56.60909 
75.36018 0.0 9.965259 5.6407747 90.48095 1.0 0.0 
0.0 0.0 52.98608 91.99389 56.60909 0.0 1.0 
