mw
7
1.0 40.210144 0.0 45.029037 8.617746 45.731396 2.3576736 
40.210144 1.0 81.61428 92.95353 12.619221 3.420347 51.14588 
0.0 81.61428 1.0 36.203896 74.083496 7.76692 39.330627 
45.029037 92.95353 36.203896 1.0 29.099566 49.842136 0.0 
8.617746 12.619221 74.083496 29.099566 1.0 74.65416 0.0 
45.731396 3.420347 7.76692 49.842136 74.65416 1.0 92.38746 
2.3576736 51.14588 39.330627 0.0 0.0 92.38746 1.0 
