mw
7
1.0 72.354 38.837135 4.0947437 0.0 26.737482 9.436506 
72.354 1.0 0.0 9.229022 0.0 16.478378 24.142529 
38.837135 0.0 1.0 52.969784 91.68067 0.0 18.365686 
4.0947437 9.229022 52.969784 1.0 0.0 28.33786 80.82713 
0.0 0.0 91.68067 0.0 1.0 57.33541 93.31503 
26.737482 16.478378 0.0 28.33786 57.33541 1.0 0.0 
9.436506 24.142529 18.365686 80.82713 93.31503 0.0 1.0 
