mw
7
1.0 0.0 0.0 0.0 18.659979 0.0 0.0 
0.0 1.0 93.351105 0.0 86.5372 69.122765 24.021698 
0.0 93.351105 1.0 1.5096068 96.12207 0.0 96.98594 
0.0 0.0 1.5096068 1.0 0.0 0.0 89.10164 
18.659979 86.5372 96.12207 0.0 1.0 99.79791 55.78663 
0.0 69.122765 0.0 0.0 99.79791 1.0 25.147306 
0.0 24.021698 96.98594 89.10164 55.78663 25.147306 1.0 
