mw
7
1.0 60.753567 49.16471 8.507013 16.355402 65.21886 11.893356 
60.753567 1.0 97.63001 0.0 27.283895 0.0 85.43943 
49.16471 97.63001 1.0 96.202934 28.408205 0.0 41.22521 
8.507013 0.0 96.202934 1.0 89.27787 22.679543 11.953515 
16.355402 27.283895 28.408205 89.27787 1.0 98.11558 0.0 
65.21886 0.0 0.0 22.679543 98.11558 1.0 80.595665 
11.893356 85.43943 41.22521 11.953515 0.0 80.595665 1.0 
