mw
7
1.0 89.421486 17.331337 87.77397 0.0 15.944129 45.916504 
89.421486 1.0 94.004265 0.0 38.15792 13.4264765 41.98902 
17.331337 94.004265 1.0 0.0 58.14826 38.12168 16.906494 
87.77397 0.0 0.0 1.0 26.065683 50.095592 92.63002 
0.0 38.15792 58.14826 26.065683 1.0 83.02202 29.474443 
15.944129 13.4264765 38.12168 50.095592 83.02202 1.0 98.60782 
45.916504 41.98902 16.906494 92.63002 29.474443 98.60782 1.0 
