mw
7
1.0 90.17841 10.948324 14.790159 19.59151 33.648045 33.021076 
90.17841 1.0 95.095184 0.0 77.36541 26.115686 76.374565 
10.948324 95.095184 1.0 88.39467 0.0 74.89116 59.34587 
14.790159 0.0 88.39467 1.0 66.278694 0.0 26.643705 
19.59151 77.36541 0.0 66.278694 1.0 0.0 43.522495 
33.648045 26.115686 74.89116 0.0 0.0 1.0 59.61933 
33.021076 76.374565 59.34587 26.643705 43.522495 59.61933 1.0 
