mw
7
1.0 0.0 0.0 70.32521 11.260027 0.0 57.54085 
0.0 1.0 80.675995 45.509224 0.0 78.13516 66.47442 
0.0 80.675995 1.0 97.036865 35.006004 75.66794 97.32422 
70.32521 45.509224 97.036865 1.0 41.45531 81.96934 0.0 
11.260027 0.0 35.006004 41.45531 1.0 0.0 0.0 
0.0 78.13516 75.66794 81.96934 0.0 1.0 15.933919 
57.54085 66.47442 97.32422 0.0 0.0 15.933919 1.0 
