mw
7
1.0 91.25208 28.229464 0.0 44.072376 0.0 35.485752 
91.25208 1.0 81.51847 0.55458546 28.095854 0.0 44.259186 
28.229464 81.51847 1.0 27.459543 0.0 30.769371 92.79533 
0.0 0.55458546 27.459543 1.0 49.470894 28.905577 0.0 
44.072376 28.095854 0.0 49.470894 1.0 1.6472816 98.80535 
0.0 0.0 30.769371 28.905577 1.6472816 1.0 0.0 
35.485752 44.259186 92.79533 0.0 98.80535 0.0 1.0 
