mw
19
1.0 41.71325 51.294743 2.127999 7.026392 22.487724 1.4278889 81.494026 36.428745 22.091925 0.0 73.38585 61.022568 71.18258 31.860764 65.05002 46.56906 44.448513 84.208145 
41.71325 1.0 29.510094 79.92798 97.63817 0.0 49.51123 51.220005 93.39999 36.40799 55.117546 24.007517 1.5459001 42.043484 99.651146 6.602514 74.50497 0.0 0.0 
51.294743 29.510094 1.0 88.687935 21.34506 24.903357 32.825775 83.271255 51.72233 67.548164 69.52569 27.794838 94.17642 80.96423 23.268105 33.496887 13.583124 52.08878 27.23 
2.127999 79.92798 88.687935 1.0 48.952602 49.633728 77.55227 15.5723095 43.19083 66.37147 72.02449 0.0 61.230766 81.269844 51.178486 87.15449 92.10715 4.1339216 40.168636 
7.026392 97.63817 21.34506 48.952602 1.0 0.7845819 78.324196 86.88994 48.84618 4.633051 53.999 51.77343 4.209411 48.116882 1.3951838 33.711414 81.66064 63.844563 93.102554 
22.487724 0.0 24.903357 49.633728 0.7845819 1.0 7.800126 1.8809795 57.740723 42.93647 54.864174 14.783377 62.546722 53.74356 0.0 70.65442 75.7857 12.901765 73.26313 
1.4278889 49.51123 32.825775 77.55227 78.324196 7.800126 1.0 0.073450804 6.675923 8.28647 89.354195 3.9691746 81.63984 22.33969 90.398445 88.37329 0.0 33.0688 47.84318 
81.494026 51.220005 83.271255 15.5723095 86.88994 1.8809795 0.073450804 1.0 55.604862 35.24261 45.51504 56.900723 0.0 80.09807 27.618324 56.422276 62.6729 48.957233 87.25101 
36.428745 93.39999 51.72233 43.19083 48.84618 57.740723 6.675923 55.604862 1.0 0.0 72.40091 45.040863 61.68601 43.550182 74.5363 21.396029 50.552593 0.0 19.616287 
22.091925 36.40799 67.548164 66.37147 4.633051 42.93647 8.28647 35.24261 0.0 1.0 0.0 93.93191 92.25795 22.139936 9.536945 7.2585344 56.336086 69.865364 3.1454027 
0.0 55.117546 69.52569 72.02449 53.999 54.864174 89.354195 45.51504 72.40091 0.0 1.0 35.123177 51.08527 45.143627 53.931435 64.0356 53.731133 87.64254 71.98861 
73.38585 24.007517 27.794838 0.0 51.77343 14.783377 3.9691746 56.900723 45.040863 93.93191 35.123177 1.0 80.10547 0.0 10.460907 69.85903 48.26724 73.69945 3.5345554 
61.022568 1.5459001 94.17642 61.230766 4.209411 62.546722 81.63984 0.0 61.68601 92.25795 51.08527 80.10547 1.0 79.14917 29.839743 73.85045 82.80051 14.63213 67.00832 
71.18258 42.043484 80.96423 81.269844 48.116882 53.74356 22.33969 80.09807 43.550182 22.139936 45.143627 0.0 79.14917 1.0 94.333405 16.420734 74.57228 0.0 64.54487 
31.860764 99.651146 23.268105 51.178486 1.3951838 0.0 90.398445 27.618324 74.5363 9.536945 53.931435 10.460907 29.839743 94.333405 1.0 44.020252 75.738525 39.277946 66.740456 
65.05002 6.602514 33.496887 87.15449 33.711414 70.65442 88.37329 56.422276 21.396029 7.2585344 64.0356 69.85903 73.85045 16.420734 44.020252 1.0 87.155174 14.461529 13.2882 
46.56906 74.50497 13.583124 92.10715 81.66064 75.7857 0.0 62.6729 50.552593 56.336086 53.731133 48.26724 82.80051 74.57228 75.738525 87.155174 1.0 59.39139 76.4938 
44.448513 0.0 52.08878 4.1339216 63.844563 12.901765 33.0688 48.957233 0.0 69.865364 87.64254 73.69945 14.63213 0.0 39.277946 14.461529 59.39139 1.0 14.494556 
84.208145 0.0 27.23 40.168636 93.102554 73.26313 47.84318 87.25101 19.616287 3.1454027 71.98861 3.5345554 67.00832 64.54487 66.740456 13.2882 76.4938 14.494556 1.0 
