mw
20
1.0 79.20746 57.154835 89.74381 71.5354 86.93521 38.395065 55.690342 23.879623 24.642437 25.075037 78.71172 33.191185 82.53912 65.377174 79.12764 71.97943 65.19423 74.01378 58.88463 
79.20746 1.0 0.0 86.376015 23.93139 0.0 95.09634 67.80014 28.954231 36.706543 99.92192 86.33737 36.41658 2.943039 50.337666 62.219685 57.834236 73.98506 19.970697 3.1512856 
57.154835 0.0 1.0 36.43519 46.0646 64.40137 0.0 31.534922 17.35034 32.445263 0.0 19.197601 84.53899 0.0 32.070255 56.474693 13.569128 71.929344 74.85334 71.14178 
89.74381 86.376015 36.43519 1.0 48.1386 96.739174 62.813602 5.888277 40.007202 34.62874 32.164 43.995506 39.72851 44.774292 44.5304 65.10537 43.14362 32.859802 8.30155 0.0 
71.5354 23.93139 46.0646 48.1386 1.0 0.0 0.0 16.764671 18.081314 15.454018 7.882243 3.0620635 0.0 29.377974 74.28754 70.876785 20.743317 19.579655 49.10987 19.296896 
86.93521 0.0 64.40137 96.739174 0.0 1.0 36.5526 19.510914 51.820858 0.0 0.0 29.150295 66.92596 63.241898 6.196147 85.73501 72.790344 74.58369 55.660416 10.129976 
38.395065 95.09634 0.0 62.813602 0.0 36.5526 1.0 37.616814 41.167484 74.16086 3.189361 3.0345023 33.163464 8.123642 20.984798 87.715706 99.19377 10.367304 98.15319 77.97578 
55.690342 67.80014 31.534922 5.888277 16.764671 19.510914 37.616814 1.0 33.74586 65.32191 75.44685 17.678034 92.56411 76.43303 50.31233 69.51715 31.535477 65.21681 77.23432 0.3206432 
23.879623 28.954231 17.35034 40.007202 18.081314 51.820858 41.167484 33.74586 1.0 54.05762 76.06073 80.616325 76.69984 39.475544 28.618973 7.1297226 44.197716 90.89548 10.529971 36.748337 
24.642437 36.706543 32.445263 34.62874 15.454018 0.0 74.16086 65.32191 54.05762 1.0 3.0227065 84.53236 57.18773 92.09539 86.52387 0.0 13.537341 69.28476 65.32971 23.370546 
25.075037 99.92192 0.0 32.164 7.882243 0.0 3.189361 75.44685 76.06073 3.0227065 1.0 93.024376 97.38032 16.083168 59.502655 84.8865 46.20477 22.875065 0.0 37.761192 
78.71172 86.33737 19.197601 43.995506 3.0620635 29.150295 3.0345023 17.678034 80.616325 84.53236 93.024376 1.0 56.256413 8.065867 1.1773288 86.50789 63.565712 44.70611 8.30701 62.759254 
33.191185 36.41658 84.53899 39.72851 0.0 66.92596 33.163464 92.56411 76.69984 57.18773 97.38032 56.256413 1.0 87.98303 39.769917 99.0158 62.99841 96.23973 73.067825 43.0261 
82.53912 2.943039 0.0 44.774292 29.377974 63.241898 8.123642 76.43303 39.475544 92.09539 16.083168 8.065867 87.98303 1.0 10.2978945 79.006485 46.685303 0.0 0.0 21.244638 
65.377174 50.337666 32.070255 44.5304 74.28754 6.196147 20.984798 50.31233 28.618973 86.52387 59.502655 1.1773288 39.769917 10.2978945 1.0 74.588615 51.91117 28.769827 95.0833 4.70584 
79.12764 62.219685 56.474693 65.10537 70.876785 85.73501 87.715706 69.51715 7.1297226 0.0 84.8865 86.50789 99.0158 79.006485 74.588615 1.0 40.807854 38.24074 45.80859 69.380714 
71.97943 57.834236 13.569128 43.14362 20.743317 72.790344 99.19377 31.535477 44.197716 13.537341 46.20477 63.565712 62.99841 46.685303 51.91117 40.807854 1.0 22.812206 49.910946 79.28495 
65.19423 73.98506 71.929344 32.859802 19.579655 74.58369 10.367304 65.21681 90.89548 69.28476 22.875065 44.70611 96.23973 0.0 28.769827 38.24074 22.812206 1.0 0.0 64.44059 
74.01378 19.970697 74.85334 8.30155 49.10987 55.660416 98.15319 77.23432 10.529971 65.32971 0.0 8.30701 73.067825 0.0 95.0833 45.80859 49.910946 0.0 1.0 54.359703 
58.88463 3.1512856 71.14178 0.0 19.296896 10.129976 77.97578 0.3206432 36.748337 23.370546 37.761192 62.759254 43.0261 21.244638 4.70584 69.380714 79.28495 64.44059 54.359703 1.0 
