mw
17
1.0 0.0 58.388855 59.148537 57.047855 48.516018 0.0 71.43815 72.51828 95.46962 30.156792 98.43616 99.892075 94.82948 67.59016 1.9147158 37.115986 
0.0 1.0 41.460747 99.24043 26.566399 53.06403 52.638138 12.826956 0.0 1.2233615 8.755279 36.090706 12.627226 62.229485 20.237202 30.586517 81.69427 
58.388855 41.460747 1.0 0.0 31.966883 19.9847 37.971657 34.85529 0.0 0.0 9.737169 34.55144 93.21664 95.8 73.35978 91.196014 88.43243 
59.148537 99.24043 0.0 1.0 70.1336 25.120884 10.616178 0.0 59.05248 89.51074 37.546165 7.110482 42.231876 72.125114 89.87365 40.326836 40.30643 
57.047855 26.566399 31.966883 70.1336 1.0 45.403107 99.10744 85.77427 2.8061569 11.521274 6.7673445 19.031017 0.19972324 70.086296 74.96832 82.052666 27.461433 
48.516018 53.06403 19.9847 25.120884 45.403107 1.0 42.89557 42.187847 21.905756 97.62323 8.693957 18.714577 80.27038 35.08029 81.45019 62.06466 96.581245 
0.0 52.638138 37.971657 10.616178 99.10744 42.89557 1.0 15.235442 81.39922 0.0 11.334789 15.422476 49.001957 10.410822 6.9957614 80.911026 23.342926 
71.43815 12.826956 34.85529 0.0 85.77427 42.187847 15.235442 1.0 71.002495 47.455013 64.151474 39.194725 79.12705 23.751348 94.04351 75.31653 70.34268 
72.51828 0.0 0.0 59.05248 2.8061569 21.905756 81.39922 71.002495 1.0 0.0 95.712395 74.02016 61.407684 19.194912 0.0 33.477825 32.019035 
95.46962 1.2233615 0.0 89.51074 11.521274 97.62323 0.0 47.455013 0.0 1.0 73.394104 0.0 0.0 35.444187 57.32598 73.86239 62.32053 
30.156792 8.755279 9.737169 37.546165 6.7673445 8.693957 11.334789 64.151474 95.712395 73.394104 1.0 11.511379 31.63492 2.2074223 24.290401 47.275703 65.100464 
98.43616 36.090706 34.55144 7.110482 19.031017 18.714577 15.422476 39.194725 74.02016 0.0 11.511379 1.0 33.82253 41.570873 0.0 95.45629 60.584892 
99.892075 12.627226 93.21664 42.231876 0.19972324 80.27038 49.001957 79.12705 61.407684 0.0 31.63492 33.82253 1.0 12.934166 0.0 0.0 51.92121 
94.82948 62.229485 95.8 72.125114 70.086296 35.08029 10.410822 23.751348 19.194912 35.444187 2.2074223 41.570873 12.934166 1.0 8.337683 73.65509 89.69794 
67.59016 20.237202 73.35978 89.87365 74.96832 81.45019 6.9957614 94.04351 0.0 57.32598 24.290401 0.0 0.0 8.337683 1.0 0.0 95.01706 
1.9147158 30.586517 91.196014 40.326836 82.052666 62.06466 80.911026 75.31653 33.477825 73.86239 47.275703 95.45629 0.0 73.65509 0.0 1.0 81.88385 
37.115986 81.69427 88.43243 40.30643 27.461433 96.581245 23.342926 70.34268 32.019035 62.32053 65.100464 60.584892 51.92121 89.69794 95.01706 81.88385 1.0 
