mw
18
1.0 93.81865 0.0 31.662685 45.755016 51.47813 0.0 52.332695 96.739006 90.57368 0.0 45.768826 73.08504 80.05638 9.494055 18.063206 29.46384 28.174925 
93.81865 1.0 4.1212854 46.8782 73.095146 31.619846 0.0 49.53044 56.3298 35.002018 23.838436 5.7979765 38.74058 0.0 71.25625 67.86015 52.377 99.343506 
0.0 4.1212854 1.0 84.05124 27.821434 0.0 87.40541 91.41112 28.838694 29.57359 6.776321 0.0 89.56232 29.659313 48.368828 65.70406 35.051662 3.4733534 
31.662685 46.8782 84.05124 1.0 0.0 0.4042089 78.471146 22.23177 79.23274 24.537468 0.0 22.411495 53.908306 0.0 38.698433 0.0 72.59705 0.0 
45.755016 73.095146 27.821434 0.0 1.0 55.70403 88.41061 74.59161 58.638012 41.79579 54.482876 24.483097 66.114655 38.53687 15.309053 81.23949 51.67638 95.372986 
51.47813 31.619846 0.0 0.4042089 55.70403 1.0 1.1571109 22.032022 4.307449 90.963524 85.556 45.586742 17.246109 18.772745 79.688934 0.0 36.563747 74.68639 
0.0 0.0 87.40541 78.471146 88.41061 1.1571109 1.0 0.0 57.12773 0.0 94.18418 59.894 32.15432 99.93312 0.0 74.06944 89.504745 6.7055345 
52.332695 49.53044 91.41112 22.23177 74.59161 22.032022 0.0 1.0 77.82238 18.17826 60.72907 12.378097 30.419254 38.059055 44.528122 41.65664 4.439938 7.3054132 
96.739006 56.3298 28.838694 79.23274 58.638012 4.307449 57.12773 77.82238 1.0 67.659676 97.32816 13.681436 0.0 21.969765 87.32881 25.60624 8.664906 16.015703 
90.57368 35.002018 29.57359 24.537468 41.79579 90.963524 0.0 18.17826 67.659676 1.0 2.2651613 12.447047 90.126015 85.5643 84.77369 25.355202 63.037144 79.28602 
0.0 23.838436 6.776321 0.0 54.482876 85.556 94.18418 60.72907 97.32816 2.2651613 1.0 55.5023 0.0 85.793396 53.47982 69.3756 38.13345 2.1305263 
45.768826 5.7979765 0.0 22.411495 24.483097 45.586742 59.894 12.378097 13.681436 12.447047 55.5023 1.0 92.76381 96.8418 76.86052 59.422295 7.932675 0.0 
73.08504 38.74058 89.56232 53.908306 66.114655 17.246109 32.15432 30.419254 0.0 90.126015 0.0 92.76381 1.0 47.620182 63.80987 77.607414 63.654373 65.88661 
80.05638 0.0 29.659313 0.0 38.53687 18.772745 99.93312 38.059055 21.969765 85.5643 85.793396 96.8418 47.620182 1.0 35.115616 65.86508 64.03262 94.76148 
9.494055 71.25625 48.368828 38.698433 15.309053 79.688934 0.0 44.528122 87.32881 84.77369 53.47982 76.86052 63.80987 35.115616 1.0 20.323008 6.611359 63.760693 
18.063206 67.86015 65.70406 0.0 81.23949 0.0 74.06944 41.65664 25.60624 25.355202 69.3756 59.422295 77.607414 65.86508 20.323008 1.0 9.297639 60.386818 
29.46384 52.377 35.051662 72.59705 51.67638 36.563747 89.504745 4.439938 8.664906 63.037144 38.13345 7.932675 63.654373 64.03262 6.611359 9.297639 1.0 78.327896 
28.174925 99.343506 3.4733534 0.0 95.372986 74.68639 6.7055345 7.3054132 16.015703 79.28602 2.1305263 0.0 65.88661 94.76148 63.760693 60.386818 78.327896 1.0 
