mw
20
1.0 36.592823 0.0 57.060356 45.237286 0.0 39.295692 42.323177 0.0 54.461105 38.27473 84.64003 77.7097 76.8008 30.27795 85.27407 60.47148 50.99539 80.7584 18.232906 
36.592823 1.0 94.86337 83.14846 0.0 94.34495 13.700527 24.65266 25.720661 75.10203 6.182021 46.63052 0.0 0.0 42.55423 38.281517 50.22919 41.49899 7.796335 60.764088 
0.0 94.86337 1.0 79.34635 82.08374 46.057827 62.704098 2.447617 42.16532 7.1759224 50.886143 34.77865 49.332184 67.7298 56.21641 0.0 91.69028 89.647316 48.59673 18.263971 
57.060356 83.14846 79.34635 1.0 11.786068 67.661095 18.326305 39.295727 0.0 94.67832 78.859955 1.3786852 99.88273 98.73285 71.254715 63.214077 32.15093 29.68285 31.198328 0.0 
45.237286 0.0 82.08374 11.786068 1.0 36.522114 48.375458 19.639666 0.0 35.887997 70.914795 14.786541 66.67586 17.396397 16.544693 69.43091 0.0 82.54901 30.189669 56.06473 
0.0 94.34495 46.057827 67.661095 36.522114 1.0 37.865948 6.695384 99.03175 65.93423 48.793137 0.0 45.559277 22.292196 0.0 24.452269 79.409195 89.660645 86.26728 54.163975 
39.295692 13.700527 62.704098 18.326305 48.375458 37.865948 1.0 51.223785 98.873566 2.6443958 35.573666 96.965256 85.84054 19.204067 53.820156 63.34346 80.67081 46.74779 69.73638 68.62639 
42.323177 24.65266 2.447617 39.295727 19.639666 6.695384 51.223785 1.0 17.434628 0.0 75.538475 91.287704 36.664474 43.86491 67.626884 77.074104 65.18595 0.0 99.44774 12.090015 
0.0 25.720661 42.16532 0.0 0.0 99.03175 98.873566 17.434628 1.0 4.866588 22.94901 27.543873 0.0 94.82347 78.13613 49.978638 0.0 77.45215 36.787285 18.347322 
54.461105 75.10203 7.1759224 94.67832 35.887997 65.93423 2.6443958 0.0 4.866588 1.0 47.753056 0.0 73.308525 72.16805 58.140457 31.152075 19.95414 93.3011 43.58065 16.995407 
38.27473 6.182021 50.886143 78.859955 70.914795 48.793137 35.573666 75.538475 22.94901 47.753056 1.0 98.26122 15.671563 81.02109 0.0 69.581085 21.652931 39.34159 71.524185 5.286497 
84.64003 46.63052 34.77865 1.3786852 14.786541 0.0 96.965256 91.287704 27.543873 0.0 98.26122 1.0 22.97498 99.4429 91.14361 1.7780423 45.056526 94.93698 33.620625 63.11333 
77.7097 0.0 49.332184 99.88273 66.67586 45.559277 85.84054 36.664474 0.0 73.308525 15.671563 22.97498 1.0 72.56241 36.31816 14.749736 21.158386 15.008789 82.99861 28.660196 
76.8008 0.0 67.7298 98.73285 17.396397 22.292196 19.204067 43.86491 94.82347 72.16805 81.02109 99.4429 72.56241 1.0 61.923737 36.189766 58.919643 0.0 64.41007 77.58117 
30.27795 42.55423 56.21641 71.254715 16.544693 0.0 53.820156 67.626884 78.13613 58.140457 0.0 91.14361 36.31816 61.923737 1.0 49.236702 64.067635 23.672026 31.225378 58.00939 
85.27407 38.281517 0.0 63.214077 69.43091 24.452269 63.34346 77.074104 49.978638 31.152075 69.581085 1.7780423 14.749736 36.189766 49.236702 1.0 0.0 72.330635 38.35013 95.94792 
60.47148 50.22919 91.69028 32.15093 0.0 79.409195 80.67081 65.18595 0.0 19.95414 21.652931 45.056526 21.158386 58.919643 64.067635 0.0 1.0 13.208675 0.0 31.12393 
50.99539 41.49899 89.647316 29.68285 82.54901 89.660645 46.74779 0.0 77.45215 93.3011 39.34159 94.93698 15.008789 0.0 23.672026 72.330635 13.208675 1.0 30.951654 58.078903 
80.7584 7.796335 48.59673 31.198328 30.189669 86.26728 69.73638 99.44774 36.787285 43.58065 71.524185 33.620625 82.99861 64.41007 31.225378 38.35013 0.0 30.951654 1.0 14.490854 
18.232906 60.764088 18.263971 0.0 56.06473 54.163975 68.62639 12.090015 18.347322 16.995407 5.286497 63.11333 28.660196 77.58117 58.00939 95.94792 31.12393 58.078903 14.490854 1.0 
