mw
19
1.0 16.51861 58.10554 17.426908 58.58596 89.176384 0.28398037 57.858276 12.957311 65.63477 0.0 83.05975 1.5356243 66.40414 39.209385 8.447385 7.331729 83.5058 59.567123 
16.51861 1.0 0.0 3.4469664 0.0 71.60544 52.10497 91.81527 43.004417 77.63483 0.0 84.63114 58.138554 93.87054 56.773422 64.81579 86.18537 68.22104 87.242004 
58.10554 0.0 1.0 22.535372 27.354122 2.157843 0.0 61.635094 0.0 0.0 0.0 65.09315 0.0 91.01602 11.585819 0.0 46.635193 80.15886 75.982605 
17.426908 3.4469664 22.535372 1.0 37.83577 48.79024 36.495464 12.07729 32.047333 0.0 60.52334 41.937874 85.46651 0.0 70.83727 5.7591558 25.440144 90.74697 16.210382 
58.58596 0.0 27.354122 37.83577 1.0 17.172176 72.60747 16.659843 20.96113 52.88299 12.199652 36.093033 93.82824 10.825628 16.101551 68.06353 88.03239 17.530315 4.0011463 
89.176384 71.60544 2.157843 48.79024 17.172176 1.0 7.9360666 34.26678 91.668106 83.43027 79.69855 48.47906 26.760155 0.0 69.06186 24.86493 0.0 94.67842 79.7884 
0.28398037 52.10497 0.0 36.495464 72.60747 7.9360666 1.0 0.0 90.000015 27.64011 31.106556 0.0 1.8575013 9.274965 49.217255 59.94605 0.0 49.61067 0.0 
57.858276 91.81527 61.635094 12.07729 16.659843 34.26678 0.0 1.0 0.0 72.26347 54.16923 71.118034 91.71161 74.01605 82.705055 92.71009 24.537039 76.84589 70.53015 
12.957311 43.004417 0.0 32.047333 20.96113 91.668106 90.000015 0.0 1.0 0.0 73.90836 85.97874 22.09903 0.0 30.102795 22.608059 0.0 28.075832 72.2761 
65.63477 77.63483 0.0 0.0 52.88299 83.43027 27.64011 72.26347 0.0 1.0 59.058403 83.76229 0.31774044 29.403507 0.0 29.563343 92.10709 23.601526 80.41396 
0.0 0.0 0.0 60.52334 12.199652 79.69855 31.106556 54.16923 73.90836 59.058403 1.0 38.820713 65.98016 75.22832 13.83444 0.74880123 0.0 35.065716 15.5654545 
83.05975 84.63114 65.09315 41.937874 36.093033 48.47906 0.0 71.118034 85.97874 83.76229 38.820713 1.0 25.065023 90.61629 93.9849 53.07352 88.38383 24.609644 83.6319 
1.5356243 58.138554 0.0 85.46651 93.82824 26.760155 1.8575013 91.71161 22.09903 0.31774044 65.98016 25.065023 1.0 88.03314 53.09832 24.750923 63.174744 0.0 80.12922 
66.40414 93.87054 91.01602 0.0 10.825628 0.0 9.274965 74.01605 0.0 29.403507 75.22832 90.61629 88.03314 1.0 93.50683 22.305393 24.90781 0.0 38.624054 
39.209385 56.773422 11.585819 70.83727 16.101551 69.06186 49.217255 82.705055 30.102795 0.0 13.83444 93.9849 53.09832 93.50683 1.0 37.620438 93.42563 84.826004 41.558205 
8.447385 64.81579 0.0 5.7591558 68.06353 24.86493 59.94605 92.71009 22.608059 29.563343 0.74880123 53.07352 24.750923 22.305393 37.620438 1.0 77.74662 8.687675 0.0 
7.331729 86.18537 46.635193 25.440144 88.03239 0.0 0.0 24.537039 0.0 92.10709 0.0 88.38383 63.174744 24.90781 93.42563 77.74662 1.0 93.81741 9.034223 
83.5058 68.22104 80.15886 90.74697 17.530315 94.67842 49.61067 76.84589 28.075832 23.601526 35.065716 24.609644 0.0 0.0 84.826004 8.687675 93.81741 1.0 59.76677 
59.567123 87.242004 75.982605 16.210382 4.0011463 79.7884 0.0 70.53015 72.2761 80.41396 15.5654545 83.6319 80.12922 38.624054 41.558205 0.0 9.034223 59.76677 1.0 
