mw
20
1.0 13.929361 7.5379076 45.119648 0.0 8.280617 70.04303 81.65546 65.86595 23.018604 58.905632 56.575043 42.012913 91.6593 28.011967 3.270036 47.53486 51.540535 33.08256 91.69239 
13.929361 1.0 12.519688 71.69093 49.659084 21.216375 13.173431 78.95346 86.084785 0.0 40.721542 77.691376 30.71357 17.948532 87.47391 28.313828 86.63584 54.647083 75.586876 23.75511 
7.5379076 12.519688 1.0 48.549484 95.15424 53.641605 73.218025 35.81956 30.27199 13.243443 35.045593 39.625668 10.585075 39.593327 8.243954 0.14320612 53.233963 30.086786 0.0 8.777839 
45.119648 71.69093 48.549484 1.0 39.00226 90.2823 28.77744 89.241005 22.339052 27.465279 15.98733 21.48375 72.63586 0.0 29.877132 9.716082 97.45026 85.72636 92.276695 78.323265 
0.0 49.659084 95.15424 39.00226 1.0 99.56326 17.726612 25.629616 22.757261 35.274525 12.074095 77.179214 68.78187 51.77005 43.60377 13.655543 32.704395 26.585793 12.5562725 99.04876 
8.280617 21.216375 53.641605 90.2823 99.56326 1.0 6.065023 33.36933 18.163788 0.0 78.0309 18.655777 52.857338 51.395943 19.815815 72.56545 72.451096 85.63114 10.119838 64.588905 
70.04303 13.173431 73.218025 28.77744 17.726612 6.065023 1.0 52.472908 11.599159 79.74729 44.159138 0.0 80.180725 52.023476 62.264805 73.5431 20.152288 53.26156 35.220276 73.9369 
81.65546 78.95346 35.81956 89.241005 25.629616 33.36933 52.472908 1.0 56.936752 65.93635 72.901 71.75137 0.0 29.186064 75.56116 98.18089 0.0 21.671993 84.30577 49.955322 
65.86595 86.084785 30.27199 22.339052 22.757261 18.163788 11.599159 56.936752 1.0 7.3304296 60.51604 74.02119 61.165077 12.78587 56.90259 63.965076 17.668564 16.882235 9.669805 37.60184 
23.018604 0.0 13.243443 27.465279 35.274525 0.0 79.74729 65.93635 7.3304296 1.0 98.17458 67.194885 36.38631 80.04912 8.218563 98.6256 84.78017 4.993415 28.988956 24.47533 
58.905632 40.721542 35.045593 15.98733 12.074095 78.0309 44.159138 72.901 60.51604 98.17458 1.0 60.37578 75.87534 94.7899 43.162613 49.907314 71.3476 57.273067 0.0 8.406364 
56.575043 77.691376 39.625668 21.48375 77.179214 18.655777 0.0 71.75137 74.02119 67.194885 60.37578 1.0 9.516853 85.34499 66.150795 55.48598 49.6845 18.252504 90.91851 89.407104 
42.012913 30.71357 10.585075 72.63586 68.78187 52.857338 80.180725 0.0 61.165077 36.38631 75.87534 9.516853 1.0 25.155413 66.44932 42.3759 18.119192 76.42353 3.6022067 95.251175 
91.6593 17.948532 39.593327 0.0 51.77005 51.395943 52.023476 29.186064 12.78587 80.04912 94.7899 85.34499 25.155413 1.0 43.28663 75.375145 74.71836 74.42503 55.531204 90.15129 
28.011967 87.47391 8.243954 29.877132 43.60377 19.815815 62.264805 75.56116 56.90259 8.218563 43.162613 66.150795 66.44932 43.28663 1.0 48.21601 66.8529 1.05564 80.62054 44.632767 
3.270036 28.313828 0.14320612 9.716082 13.655543 72.56545 73.5431 98.18089 63.965076 98.6256 49.907314 55.48598 42.3759 75.375145 48.21601 1.0 73.07742 56.064827 74.77037 13.398105 
47.53486 86.63584 53.233963 97.45026 32.704395 72.451096 20.152288 0.0 17.668564 84.78017 71.3476 49.6845 18.119192 74.71836 66.8529 73.07742 1.0 49.66467 13.077217 32.282425 
51.540535 54.647083 30.086786 85.72636 26.585793 85.63114 53.26156 21.671993 16.882235 4.993415 57.273067 18.252504 76.42353 74.42503 1.05564 56.064827 49.66467 1.0 54.584686 20.16732 
33.08256 75.586876 0.0 92.276695 12.5562725 10.119838 35.220276 84.30577 9.669805 28.988956 0.0 90.91851 3.6022067 55.531204 80.62054 74.77037 13.077217 54.584686 1.0 91.51953 
91.69239 23.75511 8.777839 78.323265 99.04876 64.588905 73.9369 49.955322 37.60184 24.47533 8.406364 89.407104 95.251175 90.15129 44.632767 13.398105 32.282425 20.16732 91.51953 1.0 
