mw
20
1.0 26.027334 0.0 0.0 67.831116 70.25644 6.7539334 22.670238 0.0 38.59594 0.0 0.0 0.0 77.771774 33.484375 0.0 4.7788677 86.6275 11.46698 0.0 
26.027334 1.0 85.08522 4.5406046 80.803535 41.45367 21.65674 92.10049 9.019005 0.0 9.051853 50.952858 0.0 92.45142 61.917747 36.25486 57.280563 91.387985 25.011211 1.9453049 
0.0 85.08522 1.0 90.62188 1.9379079 90.53277 29.241436 65.91622 78.39444 2.1161556 96.32309 0.0 80.51125 0.0 75.380974 60.22505 98.1013 0.0 0.0 0.0 
0.0 4.5406046 90.62188 1.0 0.0 34.564655 4.153103 97.016304 91.33752 76.324104 6.9229364 69.332985 54.150112 63.59964 79.05128 52.975536 74.74615 0.0 0.0 0.0 
67.831116 80.803535 1.9379079 0.0 1.0 0.0 0.0 0.0 4.315293 69.28173 97.66683 22.692823 56.294434 55.798965 76.23744 0.0 28.687393 81.99551 96.099 29.365952 
70.25644 41.45367 90.53277 34.564655 0.0 1.0 93.24927 37.079258 18.70877 88.635185 82.5076 50.873016 16.002327 49.114883 75.43956 65.278076 54.88279 0.0 55.29465 88.21253 
6.7539334 21.65674 29.241436 4.153103 0.0 93.24927 1.0 12.614685 39.531876 40.606205 40.83484 42.830322 76.2854 93.88665 82.92049 63.689465 0.19167066 85.951065 41.305393 3.738016 
22.670238 92.10049 65.91622 97.016304 0.0 37.079258 12.614685 1.0 23.047287 0.0 43.823135 47.177284 59.64575 36.56846 86.89225 0.0 71.2267 92.613914 25.887173 95.00034 
0.0 9.019005 78.39444 91.33752 4.315293 18.70877 39.531876 23.047287 1.0 11.311758 18.075626 34.519447 49.400227 3.2601476 16.028738 0.0 88.28686 67.420746 0.0 25.676369 
38.59594 0.0 2.1161556 76.324104 69.28173 88.635185 40.606205 0.0 11.311758 1.0 80.668144 84.92607 43.60305 43.13933 8.680993 12.209058 28.258545 17.482954 49.776695 20.684147 
0.0 9.051853 96.32309 6.9229364 97.66683 82.5076 40.83484 43.823135 18.075626 80.668144 1.0 73.22417 31.968195 91.479805 4.452449 3.8103282 46.70189 17.775059 49.60873 94.908646 
0.0 50.952858 0.0 69.332985 22.692823 50.873016 42.830322 47.177284 34.519447 84.92607 73.22417 1.0 40.677567 66.53659 51.80255 90.21356 0.0 42.262005 71.95376 98.81206 
0.0 0.0 80.51125 54.150112 56.294434 16.002327 76.2854 59.64575 49.400227 43.60305 31.968195 40.677567 1.0 0.0 16.268885 49.854023 80.11187 18.880188 8.383703 78.21057 
77.771774 92.45142 0.0 63.59964 55.798965 49.114883 93.88665 36.56846 3.2601476 43.13933 91.479805 66.53659 0.0 1.0 97.56145 27.954315 99.157455 39.765526 35.9373 82.892105 
33.484375 61.917747 75.380974 79.05128 76.23744 75.43956 82.92049 86.89225 16.028738 8.680993 4.452449 51.80255 16.268885 97.56145 1.0 0.0 38.44958 50.813477 78.167534 78.23297 
0.0 36.25486 60.22505 52.975536 0.0 65.278076 63.689465 0.0 0.0 12.209058 3.8103282 90.21356 49.854023 27.954315 0.0 1.0 23.911058 3.668952 95.145226 70.120964 
4.7788677 57.280563 98.1013 74.74615 28.687393 54.88279 0.19167066 71.2267 88.28686 28.258545 46.70189 0.0 80.11187 99.157455 38.44958 23.911058 1.0 81.88272 0.0 4.732597 
86.6275 91.387985 0.0 0.0 81.99551 0.0 85.951065 92.613914 67.420746 17.482954 17.775059 42.262005 18.880188 39.765526 50.813477 3.668952 81.88272 1.0 96.30127 32.2567 
11.46698 25.011211 0.0 0.0 96.099 55.29465 41.305393 25.887173 0.0 49.776695 49.60873 71.95376 8.383703 35.9373 78.167534 95.145226 0.0 96.30127 1.0 49.300747 
0.0 1.9453049 0.0 0.0 29.365952 88.21253 3.738016 95.00034 25.676369 20.684147 94.908646 98.81206 78.21057 82.892105 78.23297 70.120964 4.732597 32.2567 49.300747 1.0 
